 0.122632
 -0.18487
 0.452934
 -0.875725
 0.623625
 -0.0975584
 -0.335648
 0.413278
 0.32143
 0.253506
 0.561766
 -0.453611
 -0.768271
 -0.183509
 -0.151744
 0.512318
 -0.772643
 0.87773
 -1.10261
 0.789743
 -1.13582
 -0.362587
 0.626964
 0.936868
 -0.467329
 0.145283
 -0.119356
 0.95277
 0.123256
 0.138479
 -0.0874053
 -0.0646978
 -0.406846
 -1.17057
 1.19202
 -0.301789
 0.985012
 -1.29178
 1.3256
 -1.2732
 0.541417
 0.18284
 -0.811439
 -0.502855
 1.4757
 -0.244719
 1.11555
 0.31973
 -0.860007
 -0.405708
 0.438705
 -0.510684
 -0.947756
 0.545134
 0.699487
 0.0686222
 -1.08607
 0.69391
 0.171946
 -0.891337
 -0.165025
 0.444953
 -0.0814437
 0.834842
 -0.796628
 0.683515
 -1.16051
 0.316412
 -0.974687
 0.671375
 0.0396635
 1.0093
 -0.274932
 -1.04316
 0.887531
 -0.575932
 0.207657
 -0.717902
 -0.124132
 1.20732
 -0.463054
 -0.739448
 0.462948
 1.46645
 -0.901302
 1.37841
 -0.010419
 -0.599307
 0.500481
 -0.798018
 -0.528807
 1.21218
 -0.180111
 0.606346
 0.0922813
 -1.22236
 0.434481
 0.377821
 -0.316693
 1.26381
 -1.7832
 0.913313
 -1.12595
 -0.715388
 0.265878
 -0.0747938
 -0.272669
 0.222618
 0.927078
 -0.551096
 0.608973
 0.599751
 0.446041
 -0.792192
 -0.168162
 -1.5657
 1.78271
 -0.64603
 -0.686514
 0.0101339
 -0.495156
 0.201596
 0.550461
 -0.815673
 0.534786
 -0.60206
 1.68214
 0.590738
 -0.421007
 -0.97366
 0.680427
 -0.305481
 -0.0802267
 -1.33223
 0.750796
 0.42262
 0.77808
 -0.839504
 0.0951364
 -0.632926
 -0.515037
 1.28463
 -0.771532
 0.312433
 0.255254
 -0.545312
 0.63322
 0.0408445
 1.48108
 -0.367602
 -0.250871
 -0.0883074
 -0.128204
 -0.171056
 -0.234596
 0.175358
 -0.902875
 1.00157
 -0.219434
 0.446804
 0.343575
 -0.0704475
 -0.695572
 -0.0276548
 0.86497
 -0.46568
 0.0593224
 -0.450396
 0.0068701
 -0.695411
 0.0191571
 0.234306
 -0.546057
 0.469473
 1.13609
 -0.797949
 0.0245936
 0.156361
 0.146416
 0.436373
 0.397394
 -1.37519
 0.609395
 -0.382665
 0.784445
 -0.214411
 -0.201679
 -0.125387
 0.573508
 -0.283407
 -0.609705
 -1.00218
 0.77671
 -0.955707
 1.48661
 -0.659041
 -0.123624
 -0.696596
 -0.464884
 1.51815
 0.462908
