 -0.0572452
 0.0517716
 0.0248809
 -0.0855911
 -0.0335598
 -0.102456
 0.109647
 0.0201022
 0.0621465
 -0.130717
 -0.150288
 -0.00609002
 -0.0990554
 -0.0311251
 -0.0900581
 -0.0921951
 0.0774827
 0.00731581
 0.0112105
 -0.0852025
 0.0504269
 0.0398594
 -0.077453
 0.103977
 0.0329312
 -0.0637188
 -0.0316882
 0.0632119
 -0.0216113
 0.102999
 0.0232207
 0.160461
 -0.0825729
 -0.0480387
 0.129409
 0.094676
 -0.00457252
 0.000772545
 0.142232
 0.118199
 -0.194153
 -0.0809523
 -0.147897
 -0.148235
 0.269271
 -0.0517801
 -0.0161567
 0.0421256
 -0.102919
 -0.0226175
 0.0406158
 -0.0568352
 -0.169023
 -0.0758042
 -0.0364504
 0.0857991
 -0.0682259
 0.0207879
 -0.0938043
 -0.0339177
 -0.229258
 -0.0354561
 0.119549
 0.113028
 -0.0734996
 0.0950813
 0.0633001
 -0.0293607
 -0.0169773
 0.0431952
 0.0929464
 -0.059622
 -0.0195968
 -0.0356312
 -0.0615753
 0.0888379
 0.0366345
 -0.11459
 0.0204808
 0.0186008
 0.134162
 -0.0038928
 0.0054987
 0.0149906
 -0.118296
 0.0627917
 0.104859
 0.0972703
 0.0624965
 0.202528
 0.074676
 0.00560457
 0.00460274
 0.0163318
 0.0211204
 0.0533698
 -0.147643
 0.105837
 -0.0102217
 -0.108256
 0.0757499
 0.12859
 -0.0552927
 -0.147165
 -0.0740824
 -0.0823337
 -0.0726602
 -0.101267
 0.0288829
 0.0161688
 0.00436433
 -0.00438644
 0.0431781
 0.17275
 -0.0516087
 -0.0159069
 0.180284
 0.0161016
 -0.0987284
 0.176962
 -0.114665
 0.0344403
 0.0191701
 -0.140986
 0.100789
 -0.232458
 0.0749161
 -0.0810998
 0.0460828
 -0.0187655
 0.119858
 0.0625128
 -0.0203302
 -0.051204
 0.00671838
 -0.0577686
 -0.00841543
 0.19718
 0.130948
 -0.0356001
 0.0244821
 -0.0860227
 0.384835
 -0.098094
 0.199701
 -0.0906625
 -0.126519
 -0.125354
 0.145067
 0.0260444
 0.128963
 0.0501617
 0.0520125
 0.0213489
 -0.139839
 -0.262588
 -0.114483
 0.118151
 -0.062432
 -0.0509031
 -0.0470937
 -0.20286
 0.119749
 -0.120432
 0.120743
 0.183595
 -0.0426769
 0.114436
 -0.0127198
 -0.00695502
 -0.037083
 0.154153
 -0.0239245
 0.0905155
 -0.14367
 -0.0803164
 -0.0588747
 0.109858
 -0.0176246
 -0.0136331
 0.132062
 0.000159464
 0.08804
 -0.0577251
 -0.16854
 0.038351
 -0.0420129
 0.00647016
 -0.0427639
 -0.016201
 -0.0476368
 0.00635799
 0.0289088
 -0.24874
 0.0151465
 0.0173138
 -0.0301609
 -0.0981081
 -0.114876
 -0.0436305
 0.053551
 -0.071339
 0.0151331
