 0.0572452
 0.119913
 -0.112015
 0.644828
 -0.645573
 0.335513
 -0.0811856
 -0.433193
 0.107773
 0.719285
 1.11941
 1.80666
 1.3124
 0.248987
 0.0456939
 -0.244095
 0.245379
 -0.810375
 0.443674
 -1.06627
 -0.0398425
 -1.70148
 -2.05384
 -1.45213
 -0.153027
 -0.689723
 -0.414213
 -0.670872
 0.765027
 0.80964
 1.1769
 0.976419
 1.17229
 0.581137
 -1.23509
 0.427793
 -0.0328591
 1.39132
 -0.56356
 1.41235
 -0.138934
 0.59783
 0.839422
 -0.282778
 -1.37926
 0.939146
 0.476314
 2.08507
 2.7059
 1.54723
 1.01079
 1.68383
 1.02118
 -0.384959
 0.294773
 1.03498
 1.28118
 -0.260344
 0.866584
 0.959245
 -0.0679842
 -0.462975
 -0.0692566
 -0.230365
 1.14263
 -0.140526
 0.932011
 -0.637792
 -0.157719
 -1.67377
 -0.797606
 -0.693984
 0.693904
 0.33645
 -0.991389
 0.126567
 -0.718938
 -0.233942
 -1.41014
 -1.57931
 -0.075052
 -0.632898
 -1.5806
 -0.939808
 1.17365
 -0.259403
 1.77989
 1.75855
 1.08496
 1.70989
 0.692737
 0.0576354
 1.69397
 1.34634
 2.26978
 2.38839
 0.949569
 1.34932
 1.89458
 1.54281
 3.16271
 0.598999
 2.18071
 0.577524
 -0.465133
 -0.181263
 -0.415493
 -0.801957
 -0.644588
 0.626695
 -0.130444
 0.824873
 1.60885
 2.16058
 1.36427
 1.18194
 -1.24104
 1.38471
 0.421416
 -0.723965
 -0.437039
 -1.35746
 -1.09799
 -0.235719
 -1.63354
 -0.503602
 -1.71143
 0.82427
 1.47626
 1.09598
 -0.274549
 0.7589
 0.328458
 0.27225
 -1.66872
 -0.570107
 -0.169508
 0.71843
 -0.346271
 0.0534624
 -0.92667
 -1.54468
 -0.284074
 -0.966304
 -0.740737
 -0.127194
 -0.840619
 0.077327
 -0.174142
 2.0626
 1.47122
 1.36001
 1.27837
 1.12638
 1.03767
 0.813962
 0.885239
 -0.647939
 0.934115
 0.52473
 1.20128
 1.84352
 1.4697
 0.794148
 0.536245
 1.62579
 1.16806
 1.16447
 0.649742
 0.653862
 -0.334492
 -0.520673
 -0.0949918
 -1.01221
 -0.116478
 1.35822
 0.24037
 0.230034
 0.55861
 0.753155
 1.2308
 1.9399
 -0.0191807
 1.04651
 0.517458
 1.41766
 1.16402
 0.894716
 0.777733
 1.53857
 1.15295
 0.292572
 -1.13777
 0.163935
 -1.56983
 0.520982
 -0.443907
 -0.445226
 -1.41769
 -2.15914
 -0.210245
 0.476558
