 0.179877
 -0.0649575
 0.340919
 -0.230897
 -0.0219485
 0.237955
 -0.416833
 -0.0199152
 0.429203
 0.97279
 1.68118
 1.35305
 0.544132
 0.0654785
 -0.10605
 0.268223
 -0.527264
 0.0673551
 -0.658939
 -0.276532
 -1.17566
 -2.06406
 -1.42687
 -0.515258
 -0.620356
 -0.54444
 -0.533569
 0.281898
 0.888284
 0.948118
 1.08949
 0.911722
 0.765443
 -0.589431
 -0.0430701
 0.126004
 0.952153
 0.0995381
 0.76204
 0.139152
 0.402483
 0.780671
 0.0279827
 -0.785633
 0.0964462
 0.694427
 1.59187
 2.4048
 1.84589
 1.14152
 1.4495
 1.17314
 0.0734277
 0.160175
 0.99426
 1.1036
 0.195101
 0.433566
 1.03853
 0.0679078
 -0.233009
 -0.0180221
 -0.1507
 0.604477
 0.346005
 0.542989
 -0.228502
 -0.32138
 -1.13241
 -1.00239
 -0.757942
 0.315312
 0.418972
 -0.706708
 -0.103858
 -0.449365
 -0.51128
 -0.951843
 -1.53427
 -0.371995
 -0.538106
 -1.37235
 -1.11765
 0.526646
 0.272344
 1.11901
 1.76947
 1.15924
 1.58544
 0.911877
 0.163931
 1.26982
 1.51386
 1.95269
 2.36206
 1.16603
 1.38405
 1.72715
 1.57789
 2.80662
 1.37951
 1.51231
 1.05476
 -0.137864
 -0.199255
 -0.256057
 -0.688162
 -0.579339
 0.28249
 0.0755986
 0.478529
 1.42462
 2.05489
 1.36839
 1.1961
 -0.383757
 0.541668
 0.73868
 -0.265099
 -0.713831
 -0.932195
 -1.15586
 -0.547527
 -1.05139
 -1.09876
 -1.10566
 -0.029294
 1.41501
 1.05525
 0.122322
 0.405877
 0.453419
 0.248231
 -1.05998
 -0.917925
 -0.147487
 0.608572
 -0.121074
 -0.251134
 -0.579464
 -1.44171
 -0.260045
 -1.05561
 -0.653871
 -0.485484
 -0.672506
 -0.207399
 0.118172
 1.30694
 1.695
 1.22035
 1.2717
 1.15016
 0.955323
 0.803079
 0.98932
 -0.0176361
 0.353629
 0.714682
 0.971533
 1.54485
 1.77307
 0.774131
 0.766494
 1.40122
 1.16011
 1.22738
 0.714076
 0.656612
 -0.0415491
 -0.315334
 -0.286367
 -0.641049
 -0.542735
 1.01961
 0.560276
 0.264963
 0.386395
 0.705026
 1.18953
 1.62819
 0.564712
 0.590215
 0.663843
 1.3019
 1.20325
 0.962342
 0.76933
 1.35124
 1.25517
 0.543244
 -0.709607
 -0.361058
 -0.791773
 -0.0832208
 -0.138058
 -0.567531
 -1.14182
 -1.88258
 -0.640984
 0.252663
