 0.171684
 -0.172976
 0.602804
 -0.958752
 0.572624
 -0.0880678
 -0.427321
 0.376465
 0.503608
 0.674843
 1.316
 0.313063
 -0.388811
 -0.153295
 -0.314108
 0.491007
 -0.96449
 0.856414
 -1.37892
 0.586323
 -1.66691
 -1.30048
 -0.282503
 0.553978
 -0.693394
 -0.06918
 -0.38471
 1.04725
 0.54093
 0.743798
 0.536821
 0.521276
 -0.0117601
 -1.37223
 1.07531
 -0.298666
 1.4108
 -1.11737
 1.74121
 -1.09836
 0.683421
 0.433086
 -0.776775
 -0.89448
 1.44236
 0.0164743
 1.89712
 1.53938
 0.223119
 0.289104
 1.10129
 0.0386653
 -0.886844
 0.488704
 0.991617
 0.65256
 -0.846031
 0.892558
 0.538937
 -0.759905
 -0.34981
 0.299508
 -0.142483
 1.1278
 -0.580011
 1.01803
 -1.16481
 0.15888
 -1.54322
 0.110626
 -0.401277
 1.05111
 -0.0363348
 -1.20337
 0.741887
 -0.790005
 -0.00737976
 -1.2154
 -0.865883
 0.839467
 -0.666346
 -1.2567
 -0.137268
 1.51776
 -0.724286
 1.98305
 0.913443
 0.219549
 1.33869
 -0.188798
 -0.320467
 1.66695
 0.513387
 1.60957
 1.29631
 -0.418953
 1.0542
 1.15678
 0.492379
 2.52118
 -0.891641
 1.76162
 -0.632349
 -0.754395
 0.00601057
 -0.356354
 -0.659147
 -0.164094
 0.950716
 -0.447511
 0.883526
 1.24179
 1.50732
 0.145993
 0.509705
 -1.64378
 1.93119
 -0.377718
 -0.708346
 -0.278202
 -1.04717
 -0.417309
 0.162704
 -1.3444
 0.0303167
 -1.26848
 1.56143
 1.15076
 0.316045
 -0.6933
 0.898759
 -0.102579
 0.0669828
 -1.77253
 0.203125
 0.136014
 1.00457
 -0.673128
 0.125524
 -0.911119
 -1.17961
 0.916113
 -1.11478
 -0.00883768
 0.0526618
 -0.85821
 0.435542
 -0.00506087
 2.10318
 0.555867
 0.610077
 0.625296
 0.482538
 0.323972
 0.102456
 0.495069
 -0.915167
 1.13658
 0.037985
 0.91727
 1.06357
 0.769121
 -0.121009
 0.32013
 1.48089
 0.220692
 0.716216
 -0.00243216
 0.328396
 -0.695028
 -0.180733
 0.0643441
 -0.862234
 0.200698
 1.40798
 -0.457459
 0.249145
 0.371039
 0.469029
 0.993096
 1.25863
 -0.901169
 0.954353
 -0.145473
 1.28155
 0.394001
 0.340183
 0.284375
 1.15489
 0.344125
 -0.253726
 -1.25832
 0.469625
 -1.51228
 1.31564
 -0.743216
 -0.3063
 -1.2609
 -1.43648
 0.944691
 0.483565
