 0.171684
 -0.087134
 0.559237
 -0.679133
 0.233057
 0.0284609
 -0.413091
 0.16992
 0.588568
 0.969127
 1.80057
 1.21335
 0.217862
 -0.0443642
 -0.33629
 0.322862
 -0.803059
 0.454884
 -1.15148
 0.0105844
 -1.66162
 -2.13129
 -1.34815
 -0.120096
 -0.753442
 -0.445901
 -0.60766
 0.743416
 0.912638
 1.20012
 1.13688
 1.08972
 0.533098
 -1.10568
 0.522469
 -0.0374316
 1.39209
 -0.421328
 1.53055
 -0.333087
 0.516878
 0.691525
 -0.431013
 -1.10999
 0.887366
 0.460157
 2.1272
 2.60298
 1.52461
 1.05141
 1.62699
 0.852161
 -0.460763
 0.258322
 1.12078
 1.21295
 -0.239556
 0.772779
 0.925327
 -0.297242
 -0.498431
 0.0502923
 -0.117337
 1.06913
 -0.0454446
 0.995311
 -0.667153
 -0.174697
 -1.63057
 -0.704659
 -0.753606
 0.674308
 0.300819
 -1.05296
 0.215405
 -0.682303
 -0.348531
 -1.38966
 -1.56071
 0.05911
 -0.636791
 -1.5751
 -0.924817
 1.05535
 -0.196611
 1.88474
 1.85582
 1.14746
 1.91242
 0.767414
 0.0632399
 1.69857
 1.36267
 2.2909
 2.44176
 0.801926
 1.45516
 1.88436
 1.43456
 3.23846
 0.727588
 2.12541
 0.430359
 -0.539215
 -0.263597
 -0.488153
 -0.903224
 -0.615705
 0.642863
 -0.126079
 0.820486
 1.65203
 2.33333
 1.31266
 1.16603
 -1.06076
 1.40081
 0.322687
 -0.547003
 -0.551703
 -1.32302
 -1.07882
 -0.376705
 -1.53275
 -0.73606
 -1.63651
 0.74317
 1.52234
 1.07722
 -0.154691
 0.821413
 0.308127
 0.221047
 -1.662
 -0.627876
 -0.177924
 0.91561
 -0.215323
 0.0178622
 -0.902188
 -1.6307
 0.100762
 -1.0644
 -0.541037
 -0.217857
 -0.967138
 -0.0480272
 -0.0290745
 2.08864
 1.60019
 1.41017
 1.33038
 1.14773
 0.897836
 0.551374
 0.770756
 -0.529788
 0.871683
 0.473827
 1.15418
 1.64066
 1.58945
 0.673717
 0.656988
 1.80938
 1.12538
 1.27891
 0.637022
 0.646907
 -0.371575
 -0.366521
 -0.118916
 -0.921692
 -0.260148
 1.27791
 0.181495
 0.339892
 0.540985
 0.739522
 1.36286
 1.94006
 0.0688593
 0.988783
 0.348918
 1.45601
 1.12201
 0.901186
 0.734969
 1.52237
 1.10531
 0.29893
 -1.10886
 -0.0848048
 -1.55468
 0.538296
 -0.474068
 -0.543334
 -1.53257
 -2.20277
 -0.156694
 0.405219
