 0.250636
 -0.224461
 0.566992
 -0.890672
 0.55604
 0.07968
 -0.583919
 0.384311
 0.501513
 0.666764
 1.411
 0.299683
 -0.469643
 -0.140943
 -0.211837
 0.585114
 -0.927197
 0.808767
 -1.27295
 0.562683
 -1.71838
 -1.37179
 -0.0871431
 0.559472
 -0.771775
 -0.133345
 -0.42519
 0.979979
 0.529061
 0.564451
 0.454955
 0.403639
 0.0785336
 -1.30571
 1.05281
 -0.236339
 1.40927
 -1.03433
 1.65969
 -1.0052
 0.661117
 0.531304
 -0.770279
 -0.850105
 1.40794
 0.186734
 1.96559
 1.61979
 0.203754
 0.248395
 1.11117
 0.179362
 -0.836794
 0.569131
 1.11414
 0.575373
 -0.876105
 0.806766
 0.628928
 -0.805988
 -0.301947
 0.411893
 -0.159982
 1.03119
 -0.629843
 0.849011
 -1.07985
 0.141387
 -1.46397
 0.164638
 -0.376803
 1.05373
 0.0171694
 -1.23659
 0.742331
 -0.783194
 -0.0493132
 -1.05845
 -0.867147
 0.905216
 -0.739083
 -1.338
 -0.0998162
 1.65604
 -0.742218
 1.93655
 0.836343
 0.0963565
 1.27262
 -0.249408
 -0.470062
 1.8663
 0.562127
 1.64978
 1.32845
 -0.536327
 1.06474
 1.2259
 0.488609
 2.50579
 -0.805982
 1.70424
 -0.506124
 -0.765753
 0.15429
 -0.21357
 -0.653415
 -0.0692833
 0.955077
 -0.542158
 0.750958
 1.27958
 1.53227
 0.0218761
 0.439328
 -1.6723
 1.96071
 -0.186073
 -0.790739
 -0.384557
 -0.894534
 -0.423856
 0.241234
 -1.2068
 -0.0117448
 -1.03582
 1.53668
 1.26258
 0.200048
 -0.83628
 0.781927
 0.00717368
 0.104488
 -1.87387
 0.264372
 0.316161
 0.975215
 -0.835642
 -0.0294096
 -0.8609
 -1.12953
 1.03656
 -1.16287
 -0.0150973
 0.0112191
 -0.838646
 0.463773
 0.136043
 2.13028
 0.501945
 0.390817
 0.527182
 0.449616
 0.34551
 0.240129
 0.610357
 -0.839599
 1.06624
 0.215613
 0.839536
 1.06658
 0.781956
 -0.219638
 0.375972
 1.57427
 0.20987
 0.621857
 0.0097997
 0.360054
 -0.717078
 -0.143523
 0.0853706
 -0.828745
 0.177757
 1.62369
 -0.490371
 0.212522
 0.367418
 0.476149
 0.94906
 1.1818
 -0.918303
 0.802647
 0.049639
 1.41253
 0.409669
 0.326519
 0.3078
 1.20011
 0.381617
 -0.280958
 -1.19373
 0.500349
 -1.19512
 1.32025
 -0.727747
 -0.448951
 -1.13787
 -1.36741
 1.05162
 0.541405
