 0.509139
 0.476787
 -0.340688
 0.681304
 -0.880637
 -0.805316
 -0.652502
 -0.572405
 0.316725
 -1.01949
 -1.01101
 1.06559
 0.52547
 1.17067
 0.0964541
 0.358448
 0.0461303
 -1.32504
 -1.1431
 -1.29858
 0.666975
 -0.205673
 -0.638142
 1.01167
 0.129567
 0.417148
 1.07396
 -0.804535
 -0.199964
 -0.981044
 1.06586
 1.64416
 1.37208
 -0.710198
 0.0720905
 0.192521
 0.403802
 -0.0309507
 0.727742
 -1.38716
 1.57721
 0.183119
 1.57327
 -1.77077
 0.334655
 -0.162325
 0.264137
 -0.0539579
 -0.906443
 -0.0904463
 -0.319984
 1.33349
 -1.25457
 -0.196477
 0.560228
 -2.20089
 -0.586132
 -1.72063
 2.10349
 -1.10151
 1.28458
 -0.523564
 -1.14771
 -0.0239935
 0.384101
 0.211172
 0.0761971
 -0.576852
 -0.336862
 0.343268
 0.192978
 -0.00375976
 -0.103782
 -0.462398
 0.2703
 -0.892288
 -1.04354
 0.121009
 0.664356
 -0.648729
 -0.167
 -0.541022
 -0.801993
 -0.903329
 -0.625988
 -0.295401
 -0.642783
 0.153811
 0.544738
 -0.485867
 0.065734
 0.460608
 -0.364514
 -1.05718
 0.400591
 -2.15358
 0.31536
 -0.239446
 -0.151007
 0.010192
 1.04139
 -0.84961
 -0.562008
 -0.454948
 0.552764
 0.332079
 -2.21972
 0.188604
 -1.98676
 -1.60654
 1.32666
 -1.66098
 0.334925
 -0.811854
 0.758401
 1.19133
 1.55427
 2.35946
 0.159202
 0.280211
 0.550863
 -0.709682
 0.0100903
 -0.115086
 -0.659263
 2.21552
 -1.43959
 0.312615
 1.44902
 1.38942
 -1.35451
 -0.460561
 1.43401
 0.792605
 0.914834
 -1.62687
 1.70397
 0.213956
 1.98345
 0.746008
 1.95489
 -0.25571
 0.720009
 -0.736628
 0.376881
 0.915178
 -0.87867
 1.34394
 -0.554154
 1.05967
 1.83132
 0.438362
 -0.687871
 0.839586
 0.319074
 -0.102583
 1.27292
 -0.692128
 -1.02487
 -0.382265
 -0.0329379
 -0.0269933
 -0.424135
 -1.27949
 -0.602583
 -1.49965
 -0.0661394
 0.322336
 -0.884946
 -0.392677
 -1.0508
 0.0352072
 -1.25753
 0.760157
 -0.526367
 0.0827895
 1.354
 0.237843
 0.192335
 -0.625125
 0.442317
 0.27124
 0.325048
 -0.184181
 -1.1441
 1.28549
 0.157635
 1.49894
 1.83964
 0.351209
 0.876548
 1.05662
 -0.329528
 1.11955
 -1.14375
 2.03784
 -0.79488
 0.95865
 -0.345063
 0.37644
 2.37926
 0.536315
 -0.377204
 -0.0705911
 1.28236
 -0.585078
 -1.33534
 -0.109579
 0.197405
 0.478829
 -0.980252
 -0.962788
 0.551448
 0.560344
 -0.537292
 -0.165122
 0.664249
 0.0479447
 -0.528951
 0.471675
 -1.04583
 0.995525
 -0.168081
 -0.649195
 0.467659
 0.462895
 0.73217
 0.248296
 0.413785
 -0.563409
 -1.18544
 -0.180177
 -0.737524
 -0.913424
 -0.802439
 0.445228
 -0.846086
 0.457962
 -0.237036
 -0.205479
 0.395135
 1.49032
 0.354488
 -0.0544903
 -0.815069
 -0.294451
 -2.17472
 0.0378407
 -0.162034
 -0.631773
 -0.66615
 0.1015
 0.193716
 0.245747
 -0.836572
 -0.239988
 -0.991904
 0.607402
 -1.21372
 -0.855718
 -0.41286
 -1.11271
 0.463607
 -0.718802
 1.0366
 0.102732
 0.518233
 -1.14094
 -1.00387
 0.519326
 -0.0746176
 1.36801
 -0.737747
 2.09288
 -0.904811
 0.586169
 0.596874
 -0.326366
 1.90735
 -0.34658
 2.46409
 -0.683559
 1.28979
 -0.986908
 2.49947
 -0.320528
 1.29202
 0.67194
 -0.0236162
 0.731616
 0.710641
 0.636753
 0.676824
 1.21181
 -0.438673
 -0.655543
 0.206828
 -0.823253
 2.2881
 -0.26323
 0.8993
 2.10208
 -0.533659
 0.936509
 0.314987
 0.261503
 -0.764792
 -0.886728
 0.255776
 -0.864904
 0.621581
 -0.625107
 0.537175
 0.190639
 1.50501
 0.559797
 -1.18938
 -0.193431
 0.6447
 2.01873
 -0.721099
 2.55608
 -0.71122
 -0.0534309
 0.160908
 1.56742
 -0.876925
 0.348671
 -2.07481
 0.235694
 -0.540822
 0.507573
 0.177156
 0.378058
 0.0113275
 -0.184685
 -0.326224
 -0.215491
 0.278999
 0.0696603
 0.542796
 -0.635025
 -0.447368
 0.304016
 -0.510533
 1.36255
 0.369369
 1.00562
 -0.383821
 2.28989
 -1.57318
 0.174745
 0.593654
 -0.00391711
 1.12662
 -0.16165
 0.614674
 0.209083
 0.847336
 -0.272542
 0.528683
 -0.129255
 -0.785075
 -0.440316
 0.650048
 -2.03035
 2.05543
 -0.703442
 0.233701
 -0.643385
 0.356405
 1.23292
 0.399176
 0.342433
 1.09958
 -0.521649
 0.788481
 -2.05471
 0.578594
 -0.436489
 0.438902
 -2.16109
 -0.244716
 -0.864077
 0.843544
 -0.943339
 0.405576
 0.767455
 0.147233
 -1.03697
 -0.73818
 -1.00042
 -1.7664
 0.258484
 1.75575
 -0.687722
 -0.415888
 0.710204
 0.235455
 1.39925
 -0.27756
 0.462478
 -0.48542
 -0.245248
 0.675663
 1.38053
 0.34498
 1.47454
 -0.138515
 1.4438
 -1.35648
 1.11984
 -0.0640832
 0.382762
 0.0242209
 0.712956
 -0.57167
 0.0597528
 -0.907073
 -0.122008
 0.280863
 -0.859599
 -0.365819
 0.287412
 -0.447248
 2.44499
 -0.377726
 -0.0549481
 1.54713
 2.14105
 0.153885
 0.236255
 -0.889422
 -0.28357
 0.0843707
 0.132386
 0.793853
 0.671596
 -0.952324
 1.01522
 0.566251
 -0.0516108
 1.2577
 -0.0614289
 -0.496697
 -0.152832
 1.39232
 1.64162
 1.391
 0.527313
 -0.175067
 1.32572
 -0.917148
 0.174267
 -0.358385
 0.35238
 -0.533355
 0.225506
 1.58802
 1.16187
 0.800116
 0.860229
 1.47723
 -0.454498
 1.59624
 1.00931
 0.578393
 0.426167
 0.395774
 1.25977
 -0.379324
 0.94314
 -0.983307
 0.102577
 0.619262
 -2.03104
 1.03527
 -2.11208
 2.44807
 0.414853
 -1.04773
 -0.0580601
 -2.15675
 0.334244
 1.10813
 0.242523
 -0.926382
 1.08115
 -0.392342
 -0.866928
 -0.654332
 0.88055
 -0.274494
 0.0243263
 -0.0253943
 -0.593754
 -1.59276
 0.415511
 -1.30314
 -1.50237
 -2.1154
 -0.634217
 0.595385
 0.0559641
 -1.7179
 -0.783531
 -1.27064
 -0.511521
 0.216094
 -1.27031
 0.353498
 -0.149505
 -1.09441
 0.895675
 -0.136856
 1.72967
 -1.28282
 0.450449
 -1.01532
 -0.448982
 -1.78053
 1.78887
 -1.78208
 -0.873756
 0.616049
 -0.777249
 0.223289
 1.09508
 -1.11958
 0.711134
 -0.508046
 0.359978
 1.97592
 -0.189949
 0.318123
 -1.73346
 -1.06927
 -0.592014
 -0.776537
 -1.11229
 -0.402137
 1.15309
 -1.1047
 -0.919564
 0.738133
 -1.50937
 0.359639
 -2.23367
 -0.240371
 -1.74119
 0.53144
 -1.37157
 -0.343228
 -0.215094
 -0.660027
 0.65985
 -0.686039
 -1.01159
 0.411807
 -0.837578
 1.08205
 -0.614932
 -0.857382
 0.431627
 -0.425455
 -0.305509
 -0.189443
 -0.191723
 -0.360251
 2.39359
 -0.873439
 2.02553
 -1.05055
 0.772036
 -0.745722
 0.539596
 -0.956161
 -1.29494
 0.666787
 -1.68264
 0.43752
 -0.904403
 -1.16417
 1.73742
 -2.09426
 -0.288657
 0.71194
 -0.785445
 0.570243
 -1.84556
 -0.231182
 -1.8247
 0.98034
 -1.8855
 1.36211
 0.130535
 -0.637749
 0.0261692
 0.22028
 -0.132812
 0.328778
 -0.804382
 0.354251
 -1.9742
 -0.330357
 -1.56199
 0.756777
 -1.42451
 -1.38273
 -2.24514
 0.798356
 0.242611
 0.226903
 -0.25295
 -1.87005
 -0.632593
 0.160634
 0.785416
 -1.52391
 1.33085
 -1.37736
 -0.444943
 -1.01458
 0.308984
 -2.02876
 0.37215
 -1.94158
 1.18594
 -0.690443
 1.15683
 -0.695313
 1.30489
 0.194889
 -0.527421
 0.246212
 -2.157
 -0.439766
 -1.44937
 0.208987
 -0.211652
 -0.491444
 -0.450563
 -0.818841
 -0.116022
 0.534155
 -1.48976
 0.173
 0.208161
 -1.12831
 1.73567
 0.0714356
 0.687571
 -0.862944
 -1.78426
 0.629007
 -2.19996
 1.01633
 -2.17189
 0.527632
 -2.16363
 -0.910977
 -0.986328
 -0.728337
 0.889595
 -0.747874
 -0.48862
 -1.84696
 -0.693163
 0.098008
 -0.447009
 0.94145
 -1.25955
 -0.119156
 1.65902
 -2.24117
 0.21363
 0.150113
 -0.23106
 -0.350567
 0.786123
 -0.187357
 -0.7342
 0.672142
 0.0820239
 -0.536499
 -0.486396
 -0.846409
 0.256732
 -0.811465
 -0.427488
 -2.13286
 -0.254254
 -0.84774
 0.395864
 -1.02963
 0.0568977
 -1.32394
 -0.293282
 -0.546947
 -0.304687
 0.959977
 0.0718738
 1.16594
 0.346036
 0.415013
 -2.13296
 0.297946
 -1.09903
 0.966614
 2.39237
 -1.64627
 -0.787242
 -0.877836
 0.0239154
 -0.641234
 -0.246596
 0.271292
 -0.501577
 1.23999
 0.924581
 -1.71345
 1.15212
 -0.42352
 0.732651
 -0.124344
 0.141979
 0.256968
 -1.72933
 0.457288
 -1.21387
 -1.58794
 -0.445155
 -0.56965
 0.189768
 -0.802836
 -0.700988
 0.59514
 -0.320614
 -1.13638
 0.580484
 -0.464099
 0.837663
 0.0106803
 0.301809
 -0.86395
 -0.743677
 0.593898
 -0.0121163
 0.0160603
 1.01863
 -0.698203
 -2.2144
 1.72994
 -2.25181
 0.937407
 -0.0245016
 -0.0884959
 0.441588
 -0.946233
 0.202706
 0.483959
 0.56121
 -0.153813
 -0.68376
 -0.303509
 -0.84755
 -0.190188
 -0.282797
 1.42643
 -0.759421
 -1.90063
 0.19478
 -0.374435
 -0.608546
 -0.172504
 -1.03563
 -0.681561
 -0.61161
 -0.615652
 -0.921719
 -1.92296
 0.677736
 -2.1032
 0.089732
 -1.20394
 0.469082
 -1.72219
 0.824984
 -0.464477
 0.86876
 0.911549
 -1.29302
 -0.439719
 -1.32645
 1.18654
 0.125096
 -0.5043
 1.10674
 2.33476
 -0.567121
 1.01285
 0.520606
 1.15093
 0.647753
 1.7467
 2.27377
 0.322466
 1.36171
 0.367709
 0.849432
 0.159059
 0.747361
 0.287775
 1.45024
 0.0144702
 0.681569
 0.792801
 -0.911496
 0.0667778
 0.1747
 -0.837567
 1.13278
 -0.0694884
 -0.709274
 0.715258
 -1.00557
 0.539042
 0.171286
 0.00668747
 0.097818
 0.28369
 0.380887
 0.777709
 0.0618978
 -0.0447867
 -0.0950317
 0.346299
 -0.447359
 1.38889
 -0.152003
 1.25273
 -1.71509
 1.07726
 -1.26142
 1.26116
 -0.41854
 1.73161
 0.505815
 -0.632796
 -0.569791
 1.9822
 -0.868333
 0.922453
 0.410722
 0.372198
 0.327315
 -0.389236
 -0.718252
 -0.521005
 2.57439
 -0.460802
 0.902572
 -1.77287
 0.820351
 -1.3533
 1.9277
 -2.13907
 -0.488875
 -0.405397
 0.373454
 -0.732983
 -1.20341
 -1.94765
 -0.692383
 0.183649
 -2.04705
 0.0258631
 -0.799637
 0.812729
 -0.630947
 0.713396
 -0.133086
 0.543726
 2.61915
 0.306488
 0.9298
 -0.403382
 1.11214
 0.0479576
 -0.384997
 0.996007
 -0.783121
 1.05514
 1.08744
 1.77178
 0.183981
 1.4266
 -0.523966
 -1.50033
 0.61534
 -0.679663
 -0.721179
 0.630066
 -0.0551369
 -0.495785
 -0.390268
 0.0175151
 -2.19375
 1.0231
 0.534338
 0.65619
 0.738569
 -1.45927
 -1.41043
 -1.49818
 -0.204358
 -1.03365
 -1.03277
 -0.618124
 -0.377084
 -1.0089
 -0.361328
 -0.818986
 0.495093
 0.312427
 0.764596
 -1.32096
 0.583183
 -1.15256
 1.03433
 -0.0672047
 -0.346441
 0.725238
 0.53834
 -0.516125
 0.431196
 0.193772
 0.274787
 1.06978
 1.34852
 -1.57067
 2.49035
 -1.50683
 0.451753
 -1.70218
 0.266052
 -0.14223
 -0.00131721
 0.026227
 0.0542152
 -0.0406858
 0.352227
 -0.319485
 -0.0826408
 -0.304594
 -0.524338
 0.873055
 1.13919
 -0.599335
 0.964382
 -0.565906
 -0.492188
 0.603577
 -1.24031
 -0.78238
 -1.11561
 0.897584
 -1.23507
 0.822666
 -0.342095
 0.191629
 0.504928
 -0.823311
 0.23233
 0.327241
 -0.926246
 0.192009
 -1.3155
 1.50222
 0.0649726
 0.559674
 0.389903
 0.401954
 1.70058
 -0.638192
 1.35686
 0.489993
 -0.457758
 -1.55508
 0.648406
 0.406401
 0.344658
 -0.337741
 1.1547
 0.173419
 -0.43467
 0.384131
 -1.20901
 0.953448
 -0.740811
 -0.892548
