 0.588682
 -0.676771
 1.21713
 -0.441903
 -1.41857
 -0.447738
 -0.0399335
 0.326325
 0.334784
 -0.363024
 0.590759
 0.582476
 0.367255
 0.176668
 -0.452691
 -0.896666
 -0.270932
 0.332702
 -0.221525
 1.68518
 -1.18625
 0.370746
 0.602067
 -1.30696
 1.57859
 -0.176483
 -0.00608539
 -0.592386
 -0.944776
 -0.581985
 0.773532
 -0.269663
 1.12565
 0.0232482
 -0.621279
 -0.00582142
 0.36424
 -0.689766
 1.40233
 -0.670527
 -0.826227
 1.19483
 -0.154562
 -0.746984
 0.00773183
 0.606194
 -0.76294
 -0.629264
 0.361206
 0.0434959
 0.852169
 0.138307
 0.651018
 -0.768794
 -0.147207
 0.144447
 0.0729803
 1.48323
 -2.08016
 -0.263429
 0.707224
 -0.0858566
 0.749361
 0.0606934
 -0.739947
 1.01721
 -0.110998
 -0.597757
 -0.724846
 -0.302103
 0.487314
 -1.24161
 -0.178657
 0.720379
 0.181278
 -0.147078
 -0.663054
 1.18649
 -0.779116
 0.0779686
 1.60185
 -1.09042
 1.08494
 -0.40936
 -0.542627
 0.650399
 0.356287
 -0.606997
 1.36482
 -1.24604
 1.01991
 -0.853908
 0.125403
 -1.58333
 1.37466
 -0.426899
 -0.999211
 1.09532
 0.692677
 -0.0612769
 -0.243673
 0.190962
 -0.0474265
 0.0132345
 -0.286144
 -0.348628
 -0.265305
 0.61292
 0.497597
 -0.711355
 -0.41421
 -0.287981
 0.961509
 0.185613
 -0.765805
 1.7207
 -1.68979
 0.650547
 0.192243
 -0.600661
 1.22481
 -0.938521
 -0.247472
 2.27838
 -1.66582
 -0.153572
 -0.846991
 -0.93495
 -0.482834
 1.61697
 0.246103
 0.429461
 -0.336921
 -0.0567546
 0.483229
 -0.0166129
 -0.17607
 0.217343
 -0.440023
 -0.387693
 0.512192
 -0.0842081
 -0.336778
 0.487442
 -0.0556662
 0.19042
 0.406177
 -0.664967
 0.741902
 0.121332
 0.599842
 -0.921792
 0.0940125
 0.463631
 -0.363449
 -0.425076
 0.00203178
 -0.937272
 0.551167
 -0.829244
 0.673781
 -0.481288
 0.0349116
 0.409607
 0.561575
 0.585935
 -0.806034
 -0.731802
 0.678377
 0.136675
 1.21469
 -1.39538
 1.45033
 -0.0949657
 -0.16919
 -0.761918
 -0.327912
 -0.238431
 -0.0660118
 0.143395
 -0.231083
 -0.303853
 0.287127
 0.228673
 -2.0504
 2.54766
 -1.02145
 -0.247702
 -0.47967
 0.629442
 -0.0146195
 0.472984
 -0.804114
 -0.136992
 -0.051033
 1.66208
 0.0390435
 -1.44709
 1.3969
 -0.283048
 -0.487222
 1.38282
 0.0448358
 0.141313
 0.199816
 -0.84347
 0.0429781
 -0.437208
 -0.832521
 0.712744
 -0.691331
 0.192011
 0.25155
 -1.20921
 1.05789
 -1.48841
 0.665531
 0.21931
 -0.140648
 0.462623
 -0.357568
 0.655497
 -0.870756
 1.10712
 0.403801
 -0.7884
 0.142707
 -0.119472
 -0.721328
 -0.295835
 1.01136
 0.0807837
 -0.94361
 0.0515453
 0.372838
 0.185976
 0.805189
 0.540225
 -0.333373
 -1.10461
 0.449547
 0.469686
 -0.328703
 1.90199
 -1.24317
 -0.457194
 0.214076
 -0.46253
 -0.685518
 0.333216
 0.0632465
 -0.143507
 0.612566
 0.544656
 -1.9231
 -0.0308179
 0.206586
 0.209761
 -0.152287
 0.741555
 0.296696
 0.483209
 -0.652394
 -0.443438
 0.313114
 0.215026
 -0.0497698
 -0.888695
 0.16624
 -0.919162
 1.97081
 -0.645574
 1.55377
 -0.143511
 -0.383683
 0.589254
 0.299891
 -0.637806
 -0.0600307
 0.637054
 -0.527947
 -0.546632
 0.105463
 0.111397
 -0.153897
 -0.253181
 0.501913
 0.313653
 -0.761775
 -1.00539
 -0.148478
 0.587574
 -0.852084
 -0.841489
 0.690396
 1.57966
 -2.06347
 0.807189
 -0.257387
 0.0204729
 1.08015
 0.548305
 -1.00061
 0.785708
 0.0696306
 0.664352
 0.588359
 -0.455593
 -0.862438
 -0.367066
 -0.678844
 0.409049
 0.586801
 -1.16931
 0.852879
 -1.16355
 1.14148
 -0.280261
 1.55722
 -1.50125
 0.384052
 -0.731196
 0.151552
 0.819987
 0.00705051
 0.752024
 0.328062
 0.300193
 -0.0193069
 -0.828671
 -0.0547955
 1.00888
 -1.56984
 0.232075
 -1.14004
 1.48755
 -0.853101
 1.47983
 -0.733048
 -0.392035
 -0.227747
 0.867177
 -0.426597
 0.268339
 -0.949272
 0.429449
 0.177584
 0.620391
 -0.619729
 -1.55639
 1.62772
 -1.7995
 1.46912
 -0.524467
 1.80716
 -0.945349
 -0.283898
 -0.640478
 -1.53313
 0.815553
 0.172134
 -0.29565
 0.676339
 0.10196
 0.367252
 -0.638723
 0.404039
 1.25943
 -1.30291
 0.794518
 -0.58152
 0.765737
 0.265915
 -0.765642
 -0.300219
 0.0290616
 0.882575
 -0.429145
 0.25082
 -1.42311
 0.987225
 -0.47593
 0.49068
 0.206711
 -0.305148
 1.33619
 -0.876394
 -0.697013
 1.21992
 -1.06918
 0.164597
 -0.00365659
 0.253781
 -0.917318
 0.540505
 -0.512481
 1.05921
 -1.47718
 0.497555
 0.802918
 -0.165082
 -0.789462
 0.944855
 -0.247442
 -0.930379
 0.179877
 -0.360297
 0.536494
 0.171278
 0.42868
 0.425346
 -0.582118
 -0.986664
 1.12045
 0.054402
 -0.606145
 -0.61423
 -0.245632
 -0.382077
 1.41219
 -1.10109
 1.48918
 -0.383982
 1.58469
 -0.99254
 -0.388313
 1.22865
 -1.53272
 0.875445
 -0.33251
 -0.219186
 0.705512
 0.849259
 -1.40892
 0.400865
 -0.598548
 0.791637
 -0.468403
 0.113478
 -0.606673
 -0.595401
 -0.822956
 0.221968
 1.27459
 -0.503534
 0.830685
 0.232637
 -0.207914
 0.169735
 0.892118
 -0.614401
 -0.485303
 0.424116
 -0.221025
 0.443581
 -0.389405
 0.980738
 -0.373363
 0.269853
 -1.15353
 -0.526241
 0.60954
 0.208452
 0.461899
 0.3017
 -0.467122
 0.617866
 -0.155873
 -0.905083
 -0.852855
 1.37766
 -0.678387
 -0.475411
 0.00844518
 0.708183
 -0.787992
 0.00609103
 -0.442976
 0.692075
 -0.138317
 0.085058
 -0.386837
 0.595051
 -0.236768
 0.455854
 -0.456157
 0.108581
 -0.390302
 -1.0005
 0.997054
 -0.939749
 0.300699
 -0.185821
 -0.0682443
 -0.0866216
 1.18998
 -0.465033
 0.682937
 -0.78499
 0.984296
 0.104299
 -0.49648
 -0.213351
 -0.286085
 0.657199
 -0.446634
 0.781215
 0.595382
 -1.12122
 0.00689825
 -1.13925
 0.0558501
 0.0261679
 1.48175
 -0.908157
 0.0394854
 -0.114379
 -0.560923
 2.055
 -0.527619
 0.42495
 -0.709335
 -0.439876
 -0.207801
 0.77209
 0.104174
 -0.804627
 0.630917
 -0.00287675
 1.17507
 -0.105359
 1.18614
 -1.37624
 -0.21915
 0.112098
 -0.440373
 0.831178
 -0.702926
 -0.49422
 0.506428
 -0.356044
 1.92142
 -0.334751
 -0.806017
 0.54781
 -0.7228
 -0.670387
 0.301767
 -0.940051
 1.55738
 -0.420349
 0.48166
 -0.767699
 0.433289
 0.760414
 -0.131574
 -0.844236
 0.856211
 -0.902856
 0.718388
 -0.0980385
 -0.438518
 0.113726
 -0.230806
 -0.190281
 0.573264
 -0.292226
 -0.00597771
 -0.723843
 0.506147
 -0.293608
 -1.25769
 0.14764
 0.766292
 -0.375635
 1.63532
 -0.652432
 -0.103969
 -0.331314
 0.781754
 -1.19207
 1.09731
 -0.104256
 0.0276121
 -0.060809
 -0.0353981
 -0.782653
 0.425031
 0.0649992
 0.535059
 -0.725414
 -0.342282
 0.735192
 1.18337
 -1.11746
 0.627506
 0.234504
 0.412792
 -0.632981
 0.0176923
 -0.356434
 -0.191835
 0.101721
 0.272229
 -0.532444
 -0.602062
 -0.106808
 -0.170808
 0.563076
 -0.40792
 0.351434
 0.123284
 0.817456
 0.0777234
 1.50439
 -0.298521
 -0.345926
 -0.374359
 -0.878103
 0.638016
 -0.398288
 -0.0404345
 0.203225
 0.765721
 -0.722468
 -0.542534
 -0.946141
 0.587872
 -0.261751
 1.25465
 -0.592488
 -0.426378
 0.204775
 0.835043
 0.0488233
 -0.0355849
 -0.571227
 0.0573089
 -0.769324
 1.68144
 -1.58209
 1.78705
 -1.75357
 0.725411
 -0.11618
 0.0450513
 -0.896364
 1.15698
 -1.62527
 1.89783
 -0.790093
 1.31983
 -0.0782035
 -0.457477
 -0.275299
 0.228674
 -0.879233
 0.561923
 0.155703
 -1.10355
 0.539014
 1.11942
 -0.416809
 -0.48026
 -0.494474
 1.43495
 -1.77411
 1.4605
 -1.73584
 0.761218
 -1.39325
 1.00155
 0.0557236
 0.214121
 -0.276744
 0.140461
 0.952721
 -1.42317
 1.35938
 -0.680093
 0.24826
 -0.354837
 -0.0722965
 -1.51243
 0.994104
 -0.494205
 0.650834
 0.113597
 0.311338
 -1.01994
 -0.0382515
 -0.143195
 0.719781
 0.188274
 0.576323
 -0.309864
 0.741364
 -1.52003
 0.503353
 -0.644901
 -0.511307
 1.14484
 -0.0487292
 0.28493
 0.060341
 0.465731
 -0.651646
 0.280212
 -0.0694143
 0.512639
 -0.540407
 0.0412596
 2.25649
 -0.604632
 0.790654
 -1.55052
 -0.667969
 0.145425
 0.264294
 0.13622
 -0.284801
 -0.505368
 1.31377
 -0.864661
 0.826329
 -0.992724
 1.14323
 -2.16471
 0.977638
 -0.802123
 1.99159
 -0.78455
 -0.0570751
 -0.380867
 0.44882
 0.66223
 -0.711123
 0.187956
 0.274723
 0.428869
 -0.197296
 -0.807408
 0.249169
 -0.596658
 -0.775296
 0.34244
 -0.38726
 0.730532
 -0.179898
 2.08991
 -0.57155
 0.645717
 -1.28713
 0.435033
 0.384698
 -0.262588
 0.683174
 -1.66664
 0.32019
 -0.76688
 0.182279
 0.0545751
 0.00166479
 -0.237845
 1.49312
 -0.74306
 0.569406
 -0.728065
 0.800283
 -0.744515
 0.235558
 -0.794832
 0.701763
 -0.965752
 0.164798
 1.37312
 -0.685033
 -0.573153
 -0.0470768
 0.658765
 -0.737705
 0.474731
 -0.21382
 1.19537
 -0.944604
 -0.740056
 -0.178063
 0.47115
 -0.0389651
 0.515241
 0.485199
 -0.546361
 0.228826
 -0.243122
 0.552504
 -0.433262
 -0.469906
 0.381569
 -0.816021
 0.674784
 0.730196
 1.30738
 -1.16747
 -0.587149
 -0.40972
 -0.188484
 -0.0670528
 0.0416937
 -1.00138
 0.929402
 -0.457082
 0.934099
 -0.250164
 -1.05284
 0.578355
 -0.337987
 0.42974
 0.912408
 0.343725
 -0.457995
 -0.496171
 -0.658017
 0.463632
 -0.162424
 -0.492017
 1.3783
 -0.598615
 -0.314621
 -0.0135213
 0.0882676
 0.665131
 0.374471
 -0.345729
 -0.731551
 0.53479
 -0.497515
 0.367059
 0.0660677
 0.0677984
 -0.936632
 0.0189052
 0.721225
 -0.16884
 -0.438659
 1.31394
 -0.604972
 0.370995
 0.261237
 -0.629319
 -0.0469576
 -0.591161
 0.237396
 0.977902
 -0.304456
 0.147601
 -0.618445
 -0.550496
 1.07338
 -1.22183
 0.434533
 -0.229659
 -0.657626
 0.979692
 0.469327
 -0.179269
 0.519302
 -0.474861
 -1.07291
 1.5796
 -0.397338
 0.340932
 0.14555
 0.140124
 -1.19947
 -0.0609265
 0.489136
 -1.09631
 1.05738
 -1.23325
 0.911976
 0.495892
 0.545808
 -1.0166
 -0.635108
 0.226854
 0.69225
 0.913996
 0.318078
 0.350295
 -1.06608
 0.446919
 -0.456526
 0.231659
 -1.29852
 1.59915
 -1.60827
 0.932781
 -0.74007
 -0.484718
 0.266714
 0.203061
 0.230457
 0.769251
 -0.165815
 -1.07886
 -0.170674
 -0.312319
 0.198497
 0.782543
 0.00382042
 -0.515278
 1.31877
 -1.67654
 0.755197
 0.12056
 -0.292425
 0.438096
 -0.0279529
 0.408688
 -0.569341
 2.05371
 -1.64305
 0.474066
 -0.568605
 0.731347
 1.70168
 -1.66239
 0.436888
 -0.429666
 -1.06471
 0.71979
 0.595527
 -0.367289
 -1.2236
 1.29135
 -1.15867
 0.112218
 0.619253
 -0.258079
 1.2514
 -0.937743
 0.623061
 -0.538478
 -0.237011
 -0.414233
 -0.350511
 0.774345
 0.426598
 0.43923
 0.0787993
 0.0192819
 0.253245
 -0.764031
 0.703617
 -1.11513
 0.0755883
 0.339247
 -0.536256
 0.0079127
 0.686665
 -0.321283
 1.43426
 -1.18063
 0.206016
 -1.26214
 0.422188
 0.109605
 -0.212152
 0.774405
 -1.22312
 1.64103
 -0.361358
 0.858625
 -0.420654
 -0.87265
 0.0484742
 -0.974552
 0.415829
 -0.28076
 0.799479
 -0.482806
 0.959389
 -1.45012
 1.48834
 -2.19076
 1.66425
 0.329049
 0.140733
 -0.400224
 -0.0933953
 -0.560843
 -0.262515
 1.16282
 0.066737
 0.0214366
 0.744431
 -1.01033
 -0.355142
 0.0142845
 0.438854
 -0.121431
 0.431244
 -0.218174
 0.0546336
 0.0880296
 0.0162606
 -0.324068
 0.731711
 -1.7941
 -0.0208356
 0.325102
 -0.636701
 0.191941
 1.74475
 -1.31922
 0.543344
 0.0483052
 0.0521242
 0.833911
 -2.07405
 0.511989
 0.979456
 -0.42806
 -0.409478
 0.566332
 -0.718069
 0.343012
 0.464074
 0.15707
 -1.0697
 0.861571
 -0.826174
 0.137208
 -0.71908
 1.13452
 1.00643
 -0.383044
 -0.702105
 0.487018
 -0.76506
 -0.161341
 0.393586
 0.0306563
 -0.20257
 -0.583715
 0.974964
 0.00480688
 0.94783
 -0.576555
 0.370351
 -0.0747078
 0.393873
 -0.377513
 0.398335
 0.117543
 -0.152287
 -0.580592
 0.384874
 -1.00382
 0.425093
 0.258996
 -0.626363
 0.295658
 -0.837466
 0.587947
 0.304155
 -0.108394
 -0.411274
 0.615685
 0.176045
 -0.661837
 -0.291749
 0.750335
 0.218525
 0.252769
 0.163048
 0.27641
 0.451056
 -0.503232
 0.195369
 -1.4419
 0.875277
 -1.04361
 0.287229
 0.151425
 0.182804
 -0.332761
 -0.644017
 0.735824
 -0.502401
 0.0253584
 -0.394608
 0.187719
 0.0505716
 0.125237
 -0.0929353
 -0.40031
 0.00176535
 -0.605613
 1.02894
 -0.493537
 0.692406
 -0.435856
 0.497988
 0.088138
 -0.503935
 0.508812
 -1.0336
 -0.334962
 0.886015
 -0.156283
 1.12066
 1.17112
 0.160883
 -1.11425
 -0.685119
 0.486823
 -0.551646
 0.24131
 -0.332066
 0.433823
 0.307425
 0.235311
 -1.51078
 1.07693
 -0.558122
 1.0604
 -0.867437
 1.17277
 -0.771832
 -0.618342
 -0.282612
 -0.0584343
 -0.986115
 -0.608272
 0.18242
 1.09714
 0.400746
 -0.313743
 0.534596
 0.544513
 -0.212472
 -0.860893
 0.245598
 -0.399089
 0.216216
 -1.482
 0.917318
 -1.73
 3.09324
 -0.180506
 -0.647633
 1.14633
 -0.42768
 -0.045667
 0.280524
 -1.16011
 0.655993
 -0.685429
 -0.0745941
 1.10936
 -0.805576
 2.37555
 -2.01043
 0.433127
 -0.942983
 0.108656
 1.32169
 -0.857306
 1.24596
 -0.432096
 1.5384
 -0.654709
 -0.460258
 -0.920987
 0.424517
 -1.52552
 0.383577
 -0.483174
 1.42063
 -1.40617
 0.748552
 -1.0302
 1.97295
 0.311951
 -0.697224
 0.36398
 -1.14964
 0.763953
 -0.995917
 0.187172
 -0.474732
 0.893454
 -0.697589
 0.625529
 -0.232726
 -0.00843665
 0.385669
 -0.677428
 -0.187537
 0.541289
 0.231563
 1.02842
 -0.369142
 0.45629
 -0.473758
 0.385568
 -0.587022
 0.0669022
 0.09404
 -0.196102
 0.581801
 -0.282738
 0.00346573
 -0.528595
 0.0860282
 0.0620898
 -0.068608
 0.3424
 0.437889
 -0.621359
 0.176205
 1.19652
 -0.50716
 -0.519705
 -0.220315
 -0.950103
 0.858617
 -0.276622
 -0.23987
 0.229257
 0.501259
 -0.451995
 -0.535955
 1.12394
 0.0770341
 0.680289
 -0.11815
 -0.327703
 0.631047
 -0.243136
 -1.45809
 0.755682
 -0.706012
 0.84006
 -0.367156
 0.735434
 0.218581
 -0.361008
 -1.64844
 0.989885
 0.814717
 -0.546846
 -0.931217
 0.990863
 -0.67732
 -0.706062
 0.728641
 -0.180395
 0.272094
 0.515528
 0.336284
 -1.2515
 0.758946
 -0.63394
 -0.0464839
 -0.345169
 0.617827
 -0.869833
 0.734042
 0.694776
 -0.837038
 -0.281396
 0.0723583
 1.33368
 -0.318851
 -0.516717
 -0.314668
 -0.971856
 0.972719
 0.232874
 -0.333995
 1.868
 0.415188
 -1.04125
 0.030727
 -0.310845
 0.00156176
 -0.118282
 0.169774
 -0.16203
 0.453765
 -1.07499
 1.15668
 -0.475992
 -0.394093
 0.415952
 -1.16097
 -0.100512
 0.279819
 0.312646
 -0.64419
 1.14834
 -1.5145
 1.8964
 -1.41723
 -0.262632
 0.916602
 0.0644677
 -1.02012
 0.309515
 0.707543
 -0.502918
 1.07212
 0.322234
 1.51369
 -0.509799
 -0.849425
 -1.113
 0.69062
 -0.738392
 -0.546268
 -0.501597
 0.118541
 0.535024
 0.812961
 -0.0860876
 -0.60032
 0.243697
 -0.453964
 0.680603
 -0.135003
 0.46321
 0.396139
 0.300029
 -1.43158
 0.0147621
 -0.0711069
 -0.187711
 0.572654
 0.120614
 -0.0697687
 0.714695
 -0.0602102
 0.122149
 -0.0377361
 -0.106841
 0.271051
 -0.240717
 0.425311
 -0.850307
 -1.52754
 0.363966
 0.526405
 0.149006
 -0.242504
 0.756171
 0.746976
 -0.909121
 0.10733
 0.585094
 -1.15273
 -0.398767
 -0.0190255
 0.552469
 0.784685
 -2.27445
 0.631387
 -0.414256
 1.18262
 -0.381706
 -0.227555
 0.738033
 -0.106465
 0.540905
 -0.463155
 -0.571361
 0.93904
 0.564909
 0.201903
 -0.650395
 0.422164
 0.781173
 -0.513502
 0.0787627
 -0.827352
 0.77574
 -1.40724
 1.90114
 -0.434406
 -0.851248
 0.122005
 0.970354
 -1.30504
 0.82238
 -0.473926
 -2.21773
 1.35946
 0.472282
 1.68019
 -1.18554
 0.706831
 -0.769814
 0.693974
 -0.417415
 -0.751256
 0.467565
 -0.180778
 -0.274851
 -0.128166
 0.645418
 -0.97866
 -0.22015
 1.71982
 -0.671099
 0.330234
 -0.596873
 0.17339
 -0.0104426
 -0.38391
 0.870031
 -1.68046
 0.432951
 0.0175343
 0.238493
 -0.962565
 1.19814
 0.525295
 0.12209
 -0.430647
 -1.1266
 1.54775
 -0.833642
 0.84146
 -0.0613998
 0.0496939
 0.405433
 -1.83525
 1.32544
 -0.214997
 -0.0169527
 -0.767891
 0.256602
 0.0627127
 0.236059
 -0.969319
 1.28441
 -1.12873
 0.271753
 -0.367792
 0.341947
 -0.679139
 -0.0685387
 0.307059
 -0.590659
 0.512271
 -0.645891
 1.2058
 -0.0283448
 1.69555
 -1.12094
 0.132468
 -1.80708
 0.511573
 -0.771913
 1.81952
 -1.13005
 1.78955
 -0.653035
 -0.322106
 -0.917882
 0.0538526
 0.88711
 0.260664
 -0.675267
 1.05862
 -1.92271
 1.43904
 0.121645
 -0.0632314
 0.938523
 -0.246075
 -1.37643
 0.148684
 0.439198
 0.649021
 -0.830358
 0.481432
 -0.210722
 0.556054
 -0.576934
 0.102198
 -1.36971
 1.56328
 -0.0804237
 0.857651
 -0.628048
 0.0452702
 -0.075616
 -0.436098
 -0.491551
 -1.14522
 1.15576
 0.330076
 0.0798772
 0.214524
 1.46272
 -1.37655
 0.930569
 -1.89102
 1.33935
 -0.249237
 0.523687
 -0.288922
 1.04049
 -0.759075
 0.278567
 -1.43144
 1.16622
 -0.460393
 0.147735
 -0.84985
 1.18368
 -0.629073
 0.53107
 0.0580864
 -0.0677928
 -0.430188
 0.760058
 -0.985819
 -0.278884
 0.809869
 -0.185253
 -0.352157
 0.189568
 0.261534
 -0.376694
 -0.162535
 0.557762
 1.20024
 -0.285894
 -0.784653
 -0.905073
 -1.45404
 1.71729
 -1.12861
 1.52599
 -1.2742
 0.442995
 -0.382234
 0.744381
 0.551857
 -0.138193
 0.620248
 -0.00858341
 -0.115475
 -0.0747425
 -0.807131
 -0.0737132
 0.496996
 -1.49298
 0.58556
 0.640379
 -0.818407
 0.547027
 0.823265
 -1.15515
 1.27921
 0.501279
 -0.0307805
 0.202052
 -1.09303
 -0.218882
 -0.574355
 -0.343094
 -0.587082
 0.180545
 0.7635
 -0.19096
 -0.26173
 0.646014
 0.386036
 0.760139
 -0.162691
 -0.348043
 0.171711
 -1.67183
 1.198
 -1.06703
 1.13375
 0.0188973
 -0.221629
 -0.28883
 0.527642
 1.30992
 -0.78257
 0.395123
 0.355371
 0.189356
 -0.699195
 0.694997
 -0.586721
 -0.00309854
 -0.178999
 0.514839
 -0.277944
 -0.799322
 -0.586112
 0.86843
 0.325197
 -0.0816617
 -0.00639143
 0.70654
 -1.47512
 0.431377
 -2.26541
 1.3442
 -0.363875
 0.00144818
 0.658854
 0.461969
 -0.501143
 -0.381142
 -0.571227
 -0.0865771
 0.441179
 -0.528692
 -0.00688899
 0.968745
 -0.365298
 0.562604
 0.363768
 -0.0545993
 0.505374
 -0.608943
 -0.229433
 -0.374159
 0.551531
 -1.27594
 1.97498
 -1.27419
 1.13131
 -0.59774
 1.76483
 -1.13566
 0.0652893
 -0.55135
 0.650233
 -0.656942
 0.321919
 0.172492
 1.0556
 -1.29635
 0.346519
 -0.896005
 1.17476
 -0.839353
 -0.407742
 0.288729
 -0.0205909
 -0.203993
 0.334011
 0.842581
 -0.266005
 -0.457729
 -0.137788
 -0.697998
 0.180346
 -0.00449043
 0.871037
 1.33275
 -0.986701
 0.396705
 0.661629
 -1.03043
 0.330923
 -0.214215
 0.349967
 -2.02746
 0.555793
 0.757905
 -1.04317
 0.293232
 -0.54034
 1.14186
 0.0820781
 -0.91116
 0.77278
 0.085846
 -1.55705
 1.72741
 -0.853544
 -0.238358
 1.1157
 -0.563471
 0.30897
 -0.99812
 0.619378
 -1.07696
 0.270278
 0.575996
 -0.358745
 0.534392
 0.507964
 0.142714
 0.0210062
 0.0710045
 -0.169999
 0.977302
 -0.79877
 -0.255903
 0.0520187
 -1.31903
 0.296158
 1.19179
 0.124446
 0.209992
 0.286953
 -1.07727
 -0.160631
 -0.193505
 0.266138
 0.359688
 -0.402275
 -0.177313
 -0.439908
 0.460342
 0.157972
 -0.28236
 0.340205
 -0.92854
 1.56369
 -0.599487
 -0.767559
 0.259759
 -0.261881
 0.172527
 0.400589
 -0.948647
 0.386226
 -1.05883
 0.634945
 -1.12193
 0.716871
 0.494038
 0.813673
 0.707216
 -1.13129
 0.252036
 0.240427
 0.130895
 -0.101886
 -0.105685
 1.57346
 0.860077
 -0.662597
 -0.575652
 -0.714668
 -1.04959
 0.791435
 1.09822
 -0.89905
 -0.269848
 -0.403404
 0.880588
 -0.962602
 0.630654
 -0.30451
 -0.0780601
 0.268193
 -0.56557
 1.13225
 -0.74294
 -0.21959
 -0.103245
 -0.625249
 -0.0363589
 0.702055
 -0.116558
 -0.454589
 0.218583
 0.562934
 1.17406
 -0.0534577
 1.03284
 -0.671134
 0.92437
 -0.422936
 -1.24002
 0.225902
 -0.878296
 1.42781
 0.238773
 0.171411
 -0.189831
 -0.573821
 0.533868
 -0.807756
 1.26165
 -1.13517
 -0.31331
 -0.103689
 0.533982
 -0.363715
 0.320646
 -1.6641
 0.527714
 0.76638
 -1.1813
 1.40982
 -0.539092
 0.785876
 -0.506585
 0.47684
 0.174271
 1.02773
 -1.63176
 1.22175
 -1.36037
 -0.0322549
 0.0830133
 -0.194096
 0.128026
 0.62731
 -0.304202
 -0.51394
 -0.774035
 0.435299
 -0.217441
 0.256174
 0.616955
 -0.2615
 1.07544
 -0.375083
 -0.0381829
 -0.488641
 -1.22284
 0.69843
 0.268388
 -0.329937
 -0.355465
 1.10804
 -0.778427
 0.213681
 0.234697
 -0.329962
 0.331506
 -0.180051
 -0.218862
 0.687794
 -0.698144
 0.0427135
 0.0612881
 -0.519413
 0.434922
 -0.832931
 0.532918
 0.125529
 -0.178955
 0.259962
 0.0863514
 -0.879529
 1.13583
 -1.19614
 0.82848
 -0.0418518
 1.34386
 -0.67754
 1.27027
 -0.968284
 -0.713601
 -0.66057
 -0.402039
 0.826197
 0.857082
 -0.731888
 -0.578238
 -0.126964
 -0.308698
 1.14932
 -0.223661
 0.648804
 -0.593338
 0.0327248
 0.0475456
 0.0315797
 -0.505136
 0.533937
 0.186132
 0.0192944
 0.156552
 0.857756
 -0.148086
 -0.81185
 -0.310075
 0.269558
 0.861895
 -0.161352
 -0.336271
 -0.188757
 0.192599
 -0.810379
 0.0267426
 0.795948
 -0.0313068
 -0.377662
 -0.999545
 -0.126529
 0.157996
 0.877762
 -0.0863718
 0.0836022
 -1.0458
 0.975944
 -0.787044
 0.710435
 -0.742756
 1.51051
 -0.446224
 1.06028
 -1.68029
 0.982647
 0.0644679
 -0.649246
 -0.45638
 -0.530243
 0.105803
 1.28226
 0.610651
 -0.652796
 -0.982463
 1.40934
 -1.44149
 1.47627
 -1.1181
 0.00693291
 -0.582427
 1.38824
 -0.969549
 0.823134
 -1.86859
 0.539868
 0.625304
 -0.399791
 0.328415
 -0.0312609
 0.563693
 -0.602233
 0.589715
 -0.733675
 -0.253551
 1.2287
 -0.472616
 -0.362194
 0.230328
 0.391353
 -0.447268
 0.382414
 0.378945
 0.173111
 -0.00937854
 -1.01791
 0.623286
 -1.3838
 0.942009
 -0.444822
 0.253782
 -0.476685
 0.333516
 0.239198
 -0.596928
 0.589882
 0.124384
 0.163958
 -0.597347
 -0.020966
 0.555273
 0.202513
 -0.240811
 -0.847639
 0.367936
 1.2195
 -1.3224
 0.353514
 0.578283
 0.361953
 -0.334981
 -1.0775
 0.391556
 0.242135
 0.079045
 0.741266
 -0.657991
 -0.714567
 1.06111
 -0.0278251
 0.404774
 -0.221065
 -0.896956
 0.484545
 -0.588253
 0.529654
 -1.06412
 1.12157
 -1.36171
 1.36193
 -0.572958
 -0.495896
 0.500731
 -1.2853
 0.550277
 -0.484542
 0.64564
 0.693132
 -1.27182
 1.10014
 -0.552354
 -0.110689
 -0.560179
 -0.0925549
 1.27375
 0.640031
 0.15669
 -1.11526
 0.176255
 0.647767
 -0.503086
 0.319562
 -0.993717
 0.57101
 -1.06655
 1.86452
 -1.09927
 0.929769
 -0.290922
 -0.114825
 0.658355
 -0.695676
 0.229304
 -0.887722
 2.40137
 -0.223224
 0.602425
 -0.787109
 -0.316062
 0.0814237
 0.145615
 -0.172043
 -0.64144
 -0.629205
 0.393638
 0.219614
 0.238275
 0.67861
 -1.21988
 1.13909
 -1.00497
 -0.21812
 0.725394
 0.0612958
 -0.136766
 -0.0804143
 -1.69879
 1.45817
 -0.533605
 -0.268059
 0.881575
 -1.03713
 1.16326
 0.343399
 1.30215
 -0.383992
 -1.19595
 1.23357
 -1.85291
 1.28396
 0.108125
 -1.23836
 0.368337
 -0.202498
 1.14613
 -1.4413
 0.953009
 -1.73295
 0.788435
 0.995541
 -0.860358
 -0.933926
 0.176177
 -0.0411442
 0.255373
 0.162706
 -0.380495
 1.58006
 -1.02098
 1.47711
 -1.56243
 0.72496
 0.529311
 0.574984
 -0.298177
 -0.221783
 -2.23116
 1.8367
 0.690071
 -1.0724
 0.0969587
 -0.174612
 -0.0506119
 -0.0399376
 1.01383
 0.0367595
 0.262552
 0.136311
 0.216333
 0.865691
 -0.204969
 -0.294368
 0.387596
 -0.906485
 -0.0523535
 -0.791477
 0.773614
 -1.02575
 0.119783
 -1.51808
 0.141909
 -0.413577
 1.16635
 0.451172
 0.176988
 -0.0839465
 -0.252727
 0.685301
 0.614147
 -0.0912418
 0.469315
 -0.750585
 -0.896137
 0.331212
 -0.0406282
 -0.267954
 0.439638
 -0.958514
 1.49482
 -1.24337
 0.132931
 0.0904948
 -0.362407
 0.776248
 -1.49612
 0.859984
 0.474631
 1.54375
 -0.372976
 -0.501279
 -0.126862
 0.0394585
 -1.25486
 0.348632
 0.273506
 0.246053
 -0.49965
 -0.526665
 0.482043
 -0.270048
 0.535107
 0.0739039
 -0.724895
 0.143222
 -0.220288
 0.279562
 -1.20378
 1.12938
 -0.872134
 1.48713
 0.048012
 0.740855
 -0.71754
 0.8692
 -0.406716
 0.125127
 -1.88074
 -0.26688
 0.327522
 0.486457
 -0.103691
 1.09125
 -1.21303
 0.127995
 0.40772
 0.21617
 -1.12223
 1.44025
 -1.06758
 1.22235
 -1.24269
 0.749017
 0.463924
 0.217847
 -0.0318511
 -0.561309
 -0.425469
 -0.331057
 -0.71157
 -0.0434978
 -0.208812
 0.515139
 -0.447326
 0.618701
 0.130814
 0.965497
 -1.67852
 0.986758
 -1.23141
 0.970631
 -0.0527839
 1.04197
 -0.737452
 0.231761
 -0.00527465
 -0.810252
 0.957935
 -0.467298
 0.445636
 -0.16486
 -0.280066
 -1.11678
 1.42657
 -0.262631
 0.539717
 -0.149712
 0.371403
 0.360229
 -0.226237
 -0.640261
 -0.940982
 0.899585
 -0.160008
 0.92656
 0.072644
 -1.45072
 0.634762
 0.62551
 -0.234556
 -0.693265
 1.77038
 -1.05098
 -0.144657
 -0.275067
 0.95557
 0.722256
 0.345084
 -0.182185
 -0.0279261
 -0.87422
 -0.889162
 1.22924
 0.54613
 -1.29881
 0.620319
 -0.30984
 1.20901
 -0.380424
 -0.984224
 0.484462
 -0.0653453
 0.837688
 -0.148032
 0.268358
 0.168314
 -0.604857
 0.327931
 -0.798145
 -0.87553
 0.583028
 -0.39034
 -0.373257
 0.695171
 -0.287106
 0.416031
 0.528276
 -0.589894
 0.380797
 0.0715046
 -1.10295
 -0.524934
 -0.043182
 -0.439561
 2.04294
 0.190527
 -0.170462
 -0.578982
 0.623838
 0.0884066
 -0.798881
 -0.158664
 0.108071
 0.323616
 0.679128
 0.125154
 0.0923351
 -0.79735
 -0.196371
 0.186245
 1.76593
 -0.377248
 -0.886572
 -1.15169
 0.184262
 0.644729
 0.208302
 -1.40629
 1.08902
 -0.517515
 0.134016
 0.475805
 0.00218281
 -0.145049
 -0.776453
 0.194849
 -0.223196
 0.725027
 -1.81975
 1.51856
 -0.0642908
 0.871989
 -0.623985
 0.865938
 -1.62711
 0.72052
 -0.494153
 1.27267
 -0.48324
 -1.03952
 0.465051
 0.490623
 -1.1044
 -0.249754
 0.589894
 0.701733
 0.294144
 -0.393694
 -0.0655626
 0.256001
 0.967576
 -0.841956
 -0.536527
 -1.03309
 0.0324142
 0.0230916
 -0.135121
 -0.473806
 -0.0210115
 1.76828
 -0.265955
 0.945618
 -0.0397395
 0.621474
 -1.04547
 -0.332459
 -0.847646
 0.480798
 -1.30367
 1.30229
 0.04908
 -0.945871
 1.60361
 -0.384278
 -0.311317
 -0.284681
 0.898001
 -0.390311
 0.989614
 -1.62701
 0.295404
 -0.359797
 -1.14422
 1.56376
 -0.146469
 0.0658433
 0.552432
 0.0403147
 1.0367
 -0.158061
 0.684956
 -0.465959
 -0.59878
 -0.730422
 1.07312
 -0.696333
 0.197164
 -1.21542
 0.802501
 -0.753034
 -0.188838
 0.736047
 1.30411
 -1.03103
 0.820526
 -1.48388
 0.769144
 -0.279926
 -0.674625
 -0.213113
 -1.10064
 0.50676
 0.586343
 1.16476
 -0.304423
 0.12697
 0.644261
 -0.0867304
 0.232359
 -1.09481
 0.0620703
 0.4676
 0.182735
 0.136839
 -0.0328967
 -1.07857
 0.26068
 -0.459443
 -0.00126823
 0.502164
 0.494449
 -0.713589
 -0.756155
 0.856636
 0.0712134
 -0.932189
 -0.0166848
 0.878964
 -1.2377
 0.897419
 -0.600232
 0.879485
 0.198419
 0.250895
 -0.343055
 1.30106
 -1.46204
 -0.40823
 -0.333207
 -0.0150641
 0.413106
 0.176069
 0.329538
 0.208387
 -0.969467
 1.9752
 -0.637714
 0.398097
 0.272383
 -0.937991
 -0.793262
 0.333888
 -0.0884894
 0.808144
 -0.584268
 1.17305
 -0.572028
 0.639441
 -2.08658
 0.865308
 -0.42913
 0.193121
 -0.897116
 0.507798
 -0.640222
 1.25637
 -0.795217
 0.548339
 -1.11021
 1.30653
 0.237541
 -0.790964
 -0.524319
 1.45319
 -0.687407
 0.559414
 -0.359929
 0.317975
 -0.22285
 1.23341
 -0.821953
 0.411882
 -0.45767
 1.51214
 -1.32505
 1.1642
 -1.10661
 0.509221
 -0.0532835
 0.084443
 -1.0212
 -0.9401
 2.14279
 -0.371284
 0.0930748
 -1.39302
 0.855084
 -0.222509
 0.46533
 0.184257
 -0.173486
 -0.976508
 0.986045
 -1.23958
 0.52824
 -0.372803
 -0.045723
 -0.23367
 1.9325
 -2.8271
 1.34577
 -1.55874
 0.839973
 -1.50298
 1.28374
 0.100818
 1.42418
 -0.900726
 0.759455
 0.109656
 -0.512246
 0.879773
 -0.25737
 -0.393204
 -0.0624788
 0.255393
 1.55642
 -0.704124
 -0.0221864
 -0.461817
 -0.235467
 -0.0128917
 -1.47617
 0.664977
 -0.881299
 0.230848
 -1.13053
 0.902328
 0.0690032
 0.509918
 0.240198
 -0.259885
 0.808352
 -0.0567345
 -0.580025
 -0.233887
 1.29514
 -0.903984
 1.16932
 -0.721076
 0.150961
 0.498299
 -0.708967
 -0.390601
 0.703374
 0.209847
 -0.224925
 -0.147389
 -0.333103
 1.01633
 -1.88357
 1.41478
 -0.0992594
 0.677232
 -1.87646
 -0.599559
 -0.201225
 1.02151
 -0.425191
 0.160634
 -0.631528
 0.782494
 -0.138145
 0.223975
 0.683958
 -0.79224
 1.31734
 -0.90079
 0.827918
 -0.193194
 0.556576
 0.00477468
 -0.664193
 -0.338098
 0.124193
 0.266785
 -0.00562133
 -0.83481
 1.49003
 -0.207192
 0.701507
 -0.439522
 -0.125258
 -0.537871
 -0.493353
 0.923432
 -0.3121
 -1.02958
 0.953135
 0.277106
 -0.726637
 0.401786
 -0.217609
 -0.459319
 0.31373
 -0.803402
 1.06612
 -0.187387
 0.543242
 -0.265902
 1.1812
 -1.94454
 0.445332
 0.26547
 -1.60699
 0.861119
 -0.593527
 1.89535
 0.479182
 -0.793623
 -0.110461
 -0.457058
 0.86281
 -1.20046
 1.88969
 -0.657874
 0.269971
 -1.55748
 1.48826
 -1.08682
 0.919361
 -0.926647
 1.76268
 -1.62165
 0.428451
 0.0613407
 -0.293054
 0.589412
 0.0225743
 -0.897281
 0.219039
 0.0100651
 -0.62192
 -0.15676
 1.40835
 -1.54967
 0.478175
 -0.795854
 0.16249
 -0.0384963
 -0.272354
 1.53432
 0.128718
 1.01699
 0.792725
 -0.843707
 -0.139321
 0.177705
 -0.387613
 -0.335823
 0.408282
 -0.319432
 0.708964
 -0.95461
 1.08425
 -0.827431
 0.704005
 -0.330157
 -0.0736337
 -0.78523
 1.13775
 -1.67116
 0.551982
 -0.794495
 0.925586
 0.463947
 -0.586258
 -0.234329
 0.151084
 -1.7216
 0.47468
 -0.556665
 0.361606
 0.290682
 0.0750074
 -0.183724
 -0.414642
 0.854249
 -0.174126
 0.643712
 -0.463628
 0.27037
 0.26368
 -0.797351
 0.407635
 -0.974211
 1.46951
 -0.493274
 0.242471
 0.316707
 0.244273
 -0.0369472
 0.15916
 0.0288303
 0.242668
 -0.179124
 -1.34183
 0.490603
 0.42005
 0.734883
 -0.726881
 0.136593
 -0.587856
 0.174966
 0.441315
 0.389832
 -0.220939
 -0.679025
 0.311012
 1.28473
 -0.314753
 -0.497023
 0.0379754
 0.54732
 -0.260375
 1.25236
 -1.76115
 -0.391738
 -0.0590373
 0.850537
 -0.273816
 -0.718916
 -0.252036
 -0.163269
 -0.180736
 -0.850746
 0.885645
 0.0407244
 0.616813
 0.169897
 0.148143
 -0.649074
 -0.0472727
 -0.0727327
 -0.685612
 0.0945609
 1.17697
 0.379677
 0.435099
 -0.970051
 0.122051
 0.27098
 0.264246
 0.301858
 -0.38058
 0.116617
 -0.935843
 0.40731
 -0.590984
 0.514892
 -0.374358
 0.391984
 -0.987499
 0.125356
 0.24931
 0.147342
 -0.819568
 0.183387
 -0.303215
 0.420969
 0.0777004
 0.681294
 -0.36539
 0.592517
 -0.754873
 1.13133
 -1.0766
 0.284039
 -0.537685
 0.552827
 0.613463
 -1.14989
 0.391992
 0.290697
 0.790552
 0.932638
 -0.897532
 0.223532
 -0.442878
 0.0767521
 -0.718218
 -0.0426173
 -0.65539
 0.845995
 0.707982
 0.297211
 -0.871276
 -0.39858
 -0.214165
 0.97322
 -0.247527
 -0.520642
 -0.376616
 0.648273
 1.20349
 -0.707515
 1.83582
 -1.95987
 0.358983
 -0.606431
 0.364538
 0.633142
 -0.859351
 -0.346419
 0.777288
 0.0145444
 -0.851042
 0.214858
 -0.0932077
 -1.09583
 0.0128911
 1.15068
 -0.568984
 0.152088
 0.263819
 -0.716812
 1.42009
 -1.0336
 -0.14361
 -0.42229
 -0.243321
 0.786426
 0.265571
 -0.0779373
 0.601671
 -0.287716
 -0.970515
 0.49611
 -0.134565
 0.368536
 -0.331619
 -0.423735
 0.520187
 0.189237
 -0.138177
 -0.9442
 -0.330071
 1.45766
 -1.3312
 1.59734
 -0.0254033
 0.0994369
 0.51977
 -0.522565
 -0.901083
 -0.945482
 1.641
 -0.458051
 1.306
 0.191733
 -0.888658
 -0.398908
 0.341019
 0.211181
 -1.07206
 0.554683
 -1.39789
 1.03654
 0.240556
 1.24778
 -0.636904
 0.821141
 -0.863988
 0.524953
 0.0390499
 -0.878507
 -0.620129
 0.753764
 -0.233799
 0.113129
 0.384759
 0.474328
 -0.686968
 0.0845176
 0.138867
 1.02494
 -1.33211
 0.177831
 0.0382956
 0.541574
 -0.78351
 -0.530813
 -0.0489056
 -0.22749
 0.612424
 0.152386
 0.907671
 -0.195715
 -0.905038
 -0.045754
 0.275493
 0.168892
 0.546444
 -1.18693
 1.06518
 -0.347294
 0.59961
 0.529893
 -1.50321
 0.916869
 -0.221305
 -0.227342
 0.607429
 1.16078
 -0.314547
 -0.220775
 -0.807558
 0.39553
 0.400854
 -1.0901
 0.37677
 -0.24544
 0.12347
 -0.258947
 0.974361
 -0.216915
 -0.0230319
 -0.805307
 0.439939
 -1.0228
 0.94201
 -1.13755
 0.334312
 1.27764
 -0.0240249
 -0.916701
 0.921068
 0.111907
 0.594456
 -0.312883
 0.0568165
 0.512253
 0.130461
 -2.56653
 2.30626
 -1.63257
 -0.479762
 1.68218
 -0.673322
 -0.89756
 0.89105
 -0.894421
 0.242202
 -1.96235
 0.771507
 0.361134
 0.52266
 -0.100089
 1.29301
 -0.214333
 -0.0719581
 0.800063
 -0.486292
 -0.541909
 -0.995782
 0.683257
 0.0731877
 0.720591
 -0.678679
 1.07168
 -0.381206
 0.366547
 -0.813227
 0.0423791
 0.177336
 -0.738001
 -0.134312
 0.478808
 -0.0643091
 0.55951
 -0.297151
 -0.393097
 1.06379
 -0.744703
 -0.067526
 -0.235387
 0.575492
 -2.32648
 1.19279
 -0.878259
 0.935692
 0.239256
 -1.07288
 0.802252
 -0.5556
 0.106058
 1.92018
 -0.19812
 -0.459196
 -0.953673
 0.532221
 -0.419339
 0.735377
 0.349686
 -0.644661
 -0.076936
 0.0922768
 0.153242
 -0.365905
 1.33764
 -0.869048
 -0.556827
 -0.055013
 0.562046
 -0.476095
 -0.0285977
 0.316827
 -0.45632
 0.41195
 -0.250462
 0.787149
 -0.723223
 0.28202
 -0.364179
 -0.73445
 2.01925
 -1.16755
 -0.0305666
 0.507682
 -0.91945
 -0.283016
 1.66571
 -1.4955
 1.00174
 0.531408
 -0.676241
 1.13974
 -0.796447
 -0.921766
 1.07556
 0.233075
 0.389981
 -0.955719
 0.242786
 -0.123854
 0.759501
 -0.0955967
 -0.498675
 0.732643
 0.369057
 -1.16518
 -0.980686
 -0.427733
 0.556652
 -1.63543
 0.571422
 0.660994
 0.398541
 0.148721
 -0.892585
 -1.23043
 0.340409
 0.278404
 0.00384662
 -0.393379
 0.361131
 -1.26395
 0.262956
 1.07088
 1.11109
 0.540306
 1.09899
 -1.48108
 -0.347174
 -0.570714
 1.61495
 -0.575494
 0.974134
 -0.402758
 0.664479
 -1.22773
 -0.0447326
 0.159174
 -0.0613531
 0.0976558
 0.268989
 -0.315515
 -0.244177
 -0.404381
 0.602221
 -0.254549
 0.286008
 0.466596
 0.614945
 -1.10646
 1.16766
 -0.384658
 0.178907
 -0.439027
 0.00411579
 -0.721356
 1.40914
 0.513239
 -0.739674
 -0.31986
 1.02247
 0.239422
 -1.69515
 0.887064
 -1.60411
 0.325431
 -0.858121
 0.719011
 0.302947
 0.501366
 -0.396775
 0.131309
 -1.13106
 1.00937
 -0.165103
 -0.0103327
 0.60508
 0.624549
 -0.990469
 -0.564905
 1.47647
 -0.502005
 -0.29232
 -0.134179
 0.187984
 -0.88275
 -0.332667
 -0.332006
 0.434325
 0.122448
 0.359305
 -0.567167
 -0.030643
 0.446532
 0.620835
 -0.383149
 -0.0306985
 1.45492
 -0.933142
 -0.162728
 1.5439
 -0.2986
 0.218835
 -0.0153758
 -0.0880753
 -0.282778
 -0.397335
 -0.528464
 0.783257
 -1.75734
 1.48042
 -0.320919
 0.172097
 0.319984
 -1.19727
 1.59012
 -0.915735
 -0.38304
 -0.555733
 1.73031
 -1.93014
 2.379
 -1.13986
 0.209698
 -1.08832
 1.36724
 -0.463709
 -0.18209
 -0.997048
 0.235139
 0.0130572
 1.00693
 -0.508584
 0.806352
 -0.460086
 -0.492482
 -0.148029
 0.275211
 0.26552
 -1.1562
 0.457974
 0.0398778
 0.419816
 0.707199
 -0.657925
 0.354399
 -0.329535
 0.7657
 -0.762146
 0.605869
 -0.720015
 1.9075
 -2.05098
 0.46824
 -0.318018
 0.261565
 -0.95553
 0.721257
 0.853826
 -0.634044
 0.433453
 -0.551007
 0.931147
 -0.506023
 0.785936
 -0.573493
 0.742605
 0.0246555
 -0.591924
 -0.660675
 -0.185242
 -0.615402
 -0.0248102
 1.12435
 -0.500036
 -0.199601
 -0.655733
 0.538481
 0.108909
 -0.118047
 0.816105
 -1.75334
 1.13282
 -0.980261
 -0.482452
 0.11333
 1.17721
 0.143649
 0.888225
 -1.16547
 1.30249
 -0.658551
 0.167163
 -0.931996
 -0.368129
 1.07172
 -0.358047
 -0.0527197
 0.757337
 0.230143
 -0.515246
 -0.991383
 0.156838
 -0.489188
 0.880405
 -0.534594
 0.620819
 -1.27314
 2.65656
 -0.920017
 0.251103
 -0.902863
 0.0897957
 0.452636
 -0.0319394
 0.772413
 -1.62305
 -0.391186
 -0.179019
 0.0899062
 1.12336
 0.46336
 -0.437134
 0.355547
 -0.221226
 0.332209
 -1.16015
 -0.0540612
 -0.655293
 0.3233
 0.0942748
 0.56771
 1.32614
 -0.315532
 0.364002
 0.364557
 -1.61631
 1.13134
 -0.630093
 -0.0244958
 -0.962745
 1.23417
 -0.479013
 0.703072
 -0.499134
 0.874652
 -0.552149
 0.271948
 -0.743027
 -0.375656
 0.209656
 -0.415403
 1.10576
 -0.614309
 0.181358
 -0.0195579
 0.597571
 -1.43008
 1.35494
 -0.160557
 -0.731354
 0.396829
 0.894228
 -1.17857
 0.36438
 -1.87611
 1.82194
 -0.520095
 1.07124
 -0.0931793
 -0.265863
 0.170052
 -0.264473
 -0.578168
 0.594638
 -0.51165
 0.372732
 0.493461
 -0.0861717
 -0.823579
 1.64653
 -1.06114
 0.425731
 0.870315
 -1.20217
 0.862827
 -0.228215
 -1.11898
 0.276558
 -0.178367
 1.13741
 -1.20712
 0.595054
 -0.448066
 0.904279
 -0.512687
 1.13761
 -0.89299
 0.1013
 0.152236
 -0.618401
 -0.010109
 -0.168219
 -0.0893894
 -0.553991
 0.322366
 0.0844499
 0.882519
 0.166037
 -1.2072
 -0.434653
 0.289578
 0.936836
 -0.313211
 0.137222
 -0.800964
 0.247918
 -0.510242
 0.245267
 0.836403
 -0.0494452
 -0.658471
 0.478292
 0.231342
 1.7117
 -0.504991
 -1.22918
 -0.659835
 -0.18734
 0.389015
 0.0335046
 0.636545
 -0.0920662
 -0.184581
 -0.0180683
 0.73114
 -0.824263
 -0.608229
 0.790145
 -0.195893
 0.711476
 -0.300868
 0.18675
 -0.751805
 0.259027
 0.958751
 0.890462
 -1.19507
 -1.15322
 0.808779
 -1.09411
 0.887238
 -0.662593
 1.22143
 -0.554532
 0.0927587
 -1.27167
 0.270712
 -0.450041
 0.464432
 0.12517
 -0.3314
 -0.18104
 -0.489262
 0.446944
 -0.938225
 0.534742
 -0.544039
 1.30326
 0.65627
 -0.0987073
 0.570284
 0.0870097
 -0.0669892
 -0.435144
 -0.250692
 1.19979
 -0.157723
 -0.347898
 -0.102582
 0.884962
 0.82307
 -0.771537
 -1.18004
 -0.864849
 0.660009
 0.0302057
 -0.169723
 1.16334
 -0.790255
 -0.54823
 0.479777
 0.948893
 -2.06755
 2.59441
 -1.90791
 1.61495
 -0.862614
 -0.406757
 -0.337446
 -0.493293
 0.825378
 -0.425111
 0.962257
 -0.301946
 1.23695
 -0.199979
 -0.572917
 0.290271
 -1.18783
 0.249935
 -0.442357
 0.923632
 0.507803
 -1.1514
 0.466434
 -1.3557
 0.391635
 -0.456909
 1.30201
 -1.219
 2.3804
 -1.99164
 -0.0366161
 -0.773098
 0.307523
 0.357826
 0.0266841
 0.469879
 0.106
 0.656912
 0.539109
 -0.727329
 -0.0121883
 -0.381134
 -0.470223
 1.21879
 0.252168
 -0.377817
 0.727915
 0.170915
 -0.193184
 -0.340986
 -0.040456
 -0.648922
 0.825798
 -0.714294
 0.12834
 0.63586
 -0.976239
 1.27191
 0.275707
 -1.14156
 0.110725
 0.17987
 -0.925272
 -0.74006
 0.477352
 -0.234235
 1.22908
 -0.315252
 -0.017134
 0.0128506
 -0.644578
 0.0547042
 0.970286
 -0.502241
 -0.692367
 -0.250363
 -0.237537
 0.026433
 -0.447677
 0.431625
 0.572439
 -1.7426
 1.36426
 0.237008
 1.33225
 0.324554
 -0.428204
 -0.117187
 -0.831147
 0.204066
 -0.853003
 0.576365
 -1.16358
 1.42895
 -2.14417
 1.27419
 -0.280128
 -0.598743
 1.66809
 -0.216067
 -0.344269
 0.00237936
 0.815907
 -0.862002
 1.24371
 -0.580969
 0.462629
 -0.96793
 0.608413
 -1.18118
 0.802382
 0.229791
 -0.101409
 0.672924
 1.52257
 -0.772132
 -1.63309
 0.509417
 -1.31857
 1.95298
 -0.907571
 1.20104
 -0.729777
 0.224914
 0.193653
 0.115548
 -0.0390523
 0.461048
 -0.621639
 -0.392966
 -0.0605015
 -0.415299
 0.1722
 0.0305797
 0.294534
 -0.259566
 0.571653
 -0.759187
 -0.0720321
 0.85601
 0.44404
 -1.187
 0.822403
 -1.07184
 0.702527
 -0.660941
 0.270805
 -0.60949
 0.457854
 -0.381855
 0.276187
 -0.347684
 0.0342763
 -0.653871
 0.720105
 -0.0293726
 0.821046
 -0.140608
 0.212155
 -0.0195554
 0.388629
 -0.430774
 -0.595086
 -1.09313
 1.37203
 -0.743898
 -0.275863
 -0.480121
 0.526466
 0.153326
 -1.15321
 0.0325772
 0.457133
 -0.329097
 0.468328
 1.0177
 0.1832
 0.880519
 -0.164971
 0.0902015
 0.850131
 -0.938894
 0.119446
 0.349102
 0.452556
 -1.40768
 0.431104
 -0.120749
 -0.29346
 0.329499
 0.998509
 -0.425058
 -0.881927
 0.135762
 0.64651
 -0.269633
 -1.43801
 0.954734
 -1.51981
 1.72723
 -1.68498
 1.76074
 -1.11285
 0.248863
 0.175029
 0.336973
 0.213062
 0.761533
 -1.06831
 0.260875
 0.866668
 -0.0806543
 -0.439363
 -0.339505
 -0.0255043
 0.115882
 0.548945
 -1.39716
 0.260264
 -0.790001
 0.921233
 0.441907
 -0.607178
 1.00513
 -0.761736
 1.16212
 -1.51839
 1.3496
 0.187344
 0.711888
 -0.88841
 -0.724607
 -0.581916
 0.0304856
 -0.0785322
 1.20392
 -0.566811
 0.146265
 0.845526
 -1.39783
 -0.686134
 -0.122964
 0.988901
 0.0701211
 0.0535128
 -1.029
 1.78824
 -0.863819
 -0.847843
 1.65754
 -0.996487
 0.255312
 -0.830895
 0.733481
 -0.54372
 1.03845
 -0.914412
 1.48361
 -0.981201
 0.576855
 -0.884803
 0.516014
 -0.369757
 0.799222
 0.314564
 0.58405
 -0.0535598
 0.127859
 0.519461
 -0.732286
 -0.777351
 -1.40604
 1.96297
 -1.93699
 -0.248533
 0.68898
 -0.0274551
 0.0299376
 -1.15364
 0.717045
 0.467397
 0.00755004
 -0.186425
 -0.123736
 -0.191375
 0.164418
 0.505408
 0.0267837
 -1.34193
 0.44509
 -0.0881181
 0.20028
 1.13484
 -0.0909935
 1.03774
 -0.848893
 0.0697071
 0.0584643
 0.06926
 -1.06168
 1.08249
 -0.908127
 0.0476711
 -0.585507
 -0.220846
 0.627361
 -0.375696
 -0.474055
 1.87602
 -0.131165
 0.130562
 -1.68762
 1.40788
 -1.38923
 1.60757
 -1.21745
 0.336791
 -0.394698
 -0.291959
 0.048684
 -0.10724
 0.170249
 0.0402836
 0.530209
 0.232138
 -0.0232938
 0.70793
 -0.969368
 1.67123
 -0.474858
 0.0573726
 -0.0804959
 -1.24955
 0.690955
 -1.30925
 0.15659
 1.71178
 -1.04241
 -0.189972
 -1.38859
 1.86711
 -1.63244
 1.06045
 -1.29319
 1.0233
 0.464533
 1.17674
 -0.514681
 -0.433961
 0.756738
 -0.227698
 0.851557
 -1.18503
 -0.984925
 0.889993
 -0.517956
 1.03418
 1.07468
 -0.741077
 -0.287813
 -1.17756
 0.777214
 0.165974
 0.788439
 -1.17831
 0.520422
 0.777116
 -0.974155
 -0.65607
 0.835229
 -1.36494
 0.174202
 1.4613
 -0.156864
 1.24926
 -0.325382
 -0.538181
 0.228383
 -1.95355
 0.57719
 0.382892
 -0.29538
 -0.0538422
 -0.127888
 0.887211
 0.628715
 -0.452891
 0.351207
 -1.02856
 -0.0460702
 -0.91747
 1.23964
 -0.328777
 0.916177
 0.196486
 -1.1201
 0.871741
 -0.698111
 -0.42369
 0.403316
 -0.00730554
 -0.0766257
 0.650715
 -0.3051
 0.291056
 -0.444251
 -0.610086
 0.450949
 -0.480285
 1.05825
 0.430345
 -0.509934
 -0.877404
 -0.964909
 1.02926
 0.106139
 0.521244
 0.105478
 -1.11868
 0.104747
 0.00484455
 0.941286
 -0.0202547
 0.402813
 -0.649298
 -0.498583
 -0.418584
 1.36871
 -1.50713
 0.0613969
 0.117891
 1.02364
 -0.546562
 -0.0376452
 0.527048
 -0.449156
 0.472755
 -0.00668706
 -0.382313
 0.198031
 0.948813
 -0.373528
 -0.902591
 0.793298
 -0.712151
 0.830422
 -1.25951
 0.277296
 -0.0302896
 -0.856639
 1.23536
 0.742645
 -0.176776
 0.730312
 0.191699
 0.0865265
 -1.07203
 -0.24271
 0.425682
 0.229152
 0.14366
 -0.218269
 -1.06495
 0.368242
 0.0545083
 -0.728599
 0.342115
 0.773886
 0.392341
 -0.494927
 0.231991
 -0.20488
 -0.487756
 0.816368
 0.361569
 -0.0101655
 0.888528
 -1.48796
 0.760216
 -0.413057
 -0.447945
 0.441179
 -0.444927
 -0.439936
 0.937595
 -0.215682
 -0.0754312
 -0.748894
 -0.169265
 -0.0623293
 -0.0759659
 0.0525188
 -0.42971
 0.673978
 0.44983
 -1.04159
 0.895768
 -0.910159
 0.185368
 -0.277257
 0.0948221
 0.0205083
 1.8256
 -0.4806
 0.780612
 -0.888319
 -0.193104
 0.0161016
 0.293149
 -0.0537284
 -0.564371
 -0.854414
 0.339851
 0.898861
 -0.844992
 -0.502749
 0.338473
 -0.160604
 -0.592086
 0.748151
 1.42506
 0.0954511
 0.877383
 -0.504431
 -1.54711
 0.618587
 -0.0987389
 1.17758
 -0.675102
 -0.0712407
 -0.918841
 -0.0592917
 0.876886
 0.548777
 -0.851722
 -0.433087
 -0.143639
 -0.152303
 0.798064
 -0.312834
 -0.324138
 -0.263731
 -0.12117
 0.913126
 -0.778035
 0.285151
 -0.305496
 -0.208946
 -0.820887
 0.591628
 -0.955401
 2.18585
 0.248622
 0.334329
 -0.54618
 0.843064
 -0.63451
 -0.218144
 -0.866833
 1.07108
 -0.492371
 0.141058
 0.209913
 -1.04435
 1.33051
 -0.206543
 0.500436
 -0.460385
 0.601668
 -0.952133
 0.959445
 -1.14736
 0.935365
 -1.84662
 1.37681
 -0.000331398
 1.27861
 -0.525104
 -0.615185
 -0.412524
 -0.244187
 0.257152
 -0.455524
 1.40964
 -0.970306
 0.267971
 0.931965
 -0.317956
 0.557637
 -2.14077
 0.0877255
 -1.06605
 1.77793
 -1.09089
 1.15942
 -0.0916861
 0.966337
 -0.399277
 -0.599071
 -0.436293
 0.720415
 -0.757623
 0.564536
 -0.210103
 -1.25638
 0.33223
 -0.60639
 0.630642
 -1.22393
 0.582428
 0.00163496
 0.933009
 -0.553444
 0.894346
 0.474086
 0.116374
 0.319281
 -0.617341
 1.02603
 -1.12193
 -0.608586
 0.337364
 -0.0383414
 0.206956
 0.651475
 -1.4
 0.999598
 -1.62901
 0.16065
 1.20896
 -0.282367
 -0.199872
 -0.172822
 0.611336
 0.443014
 -0.100364
 -0.314725
 -0.461123
 0.076565
 0.375997
 0.101437
 -0.184091
 -0.715938
 0.533084
 -0.351828
 1.47822
 0.821516
 -1.63863
 0.664405
 0.560605
 1.15151
 -1.96658
 0.0586118
 -1.94582
 0.145869
 0.400101
 0.678581
 0.0892206
 0.535882
 -0.417312
 0.0569034
 0.364398
 0.691677
 0.604825
 -0.540781
 0.130249
 -0.557775
 0.434937
 -0.258845
 -0.286884
 -0.048193
 -1.26564
 1.34871
 -0.759683
 0.532023
 -0.721786
 0.339798
 0.836404
 -0.436637
 0.223985
 -0.522504
 -0.0633467
 -0.359162
 0.311192
 -1.40423
 0.393958
 -0.813154
 1.6264
 0.555012
 -0.0272582
 -0.874362
 1.29897
 -2.06227
 0.647947
 -0.624276
 0.935591
 -0.581618
 0.833936
 -0.491962
 0.140622
 -0.410614
 0.154373
 0.638784
 0.728516
 -0.258808
 -0.616766
 0.727099
 -1.11392
 0.864594
 0.142753
 0.697039
 0.363607
 0.146415
 0.328403
 -1.13758
 0.688003
 0.325054
 -1.07807
 -1.3268
 0.338455
 0.246829
 0.561355
 -0.782786
 0.831553
 -1.05561
 0.460448
 0.561418
 1.06646
 -1.49671
 0.219897
 0.730977
 -0.445091
 0.464748
 -1.48682
 0.748064
 0.22159
 -0.329119
 0.336508
 -0.14428
 -0.19643
 0.347161
 -1.53735
 2.04046
 -2.29812
 2.16399
 -0.68486
 0.515863
 -1.01788
 0.762933
 -0.779116
 -0.201879
 0.197102
 0.391205
 -1.05136
 0.858259
 0.0261507
 -0.786153
 -0.750536
 0.792376
 -0.721399
 0.0205136
 0.129206
 0.962785
 -0.412169
 -0.0453699
 -0.368335
 0.642607
 0.0540983
 -1.70044
 1.93375
 -0.653483
 0.259308
 0.334679
 -0.204137
 0.249849
 -0.00773802
 -0.233503
 0.728731
 -0.0634045
 -0.821401
 0.0291008
 -0.132979
 -0.28918
 -0.162458
 0.861951
 -1.37535
 1.92846
 -0.231145
 0.628684
 0.485691
 -0.474653
 -0.504431
 1.0262
 -1.81978
 1.31349
 -0.798383
 1.0254
 -0.261958
 -0.53187
 0.853283
 -0.921457
 0.730935
 -0.878501
 -0.052049
 0.445263
 -0.462989
 -1.49318
 -0.177858
 -0.289995
 1.3054
 0.102348
 0.431194
 -0.0298101
 0.610476
 -1.3163
 0.411076
 0.120104
 0.569812
 -1.17133
 0.187224
 -0.0270465
 0.370593
 0.544375
 -0.553903
 0.460701
 -0.288054
 -0.465437
 0.210226
 -0.269305
 0.944105
 -0.401271
 1.03328
 -1.6822
 1.89363
 -0.703805
 0.917256
 -0.497436
 -0.443278
 0.585311
 0.700699
 -0.893737
 -0.362711
 0.630408
 0.24334
 -0.169204
 0.0700191
 -0.271226
 -1.03697
 1.04688
 -0.633088
 0.648259
 0.0523358
 -0.572683
 0.0373757
 0.248482
 -1.29198
 1.6982
 -0.486817
 1.04009
 -1.48597
 1.7054
 -1.31438
 -0.276806
 0.0532748
 -0.409056
 -0.449184
 0.530889
 0.0576873
 0.301115
 -0.943408
 0.748484
 0.722853
 -0.801086
 0.625417
 -1.22987
 -0.485835
 0.968041
 -0.696945
 0.918103
 -0.653091
 0.267966
 0.322353
 0.233552
 0.514407
 -0.0193614
 -0.696313
 0.328957
 0.322508
 -1.13059
 0.298886
 0.711938
 0.123292
 -0.437092
 1.11274
 -1.00481
 0.620911
 -0.388522
 -0.579406
 0.318507
 -0.855502
 0.941444
 -0.118241
 -0.783587
 0.618349
 0.620571
 -0.596499
 -0.274662
 -0.697147
 1.05785
 -0.23675
 -0.0553687
 0.266366
 -0.209469
 -0.455704
 0.80838
 0.182228
 -0.133073
 0.23424
 -0.0284296
 0.615246
 0.418289
 -0.16108
 -0.209483
 0.0701923
 0.0304747
 -0.676743
 1.26219
 -0.872788
 -1.6875
 0.680881
 0.41929
 -0.445798
 0.189857
 0.0544065
 -0.0214884
 0.265515
 -0.282712
 1.13731
 -0.813038
 0.240394
 -0.387346
 -0.662748
 1.28092
 -1.47129
 1.34938
 -0.993225
 0.158648
 -0.862958
 0.623775
 -0.892684
 0.852221
 -0.0380049
 0.535901
 0.481966
 -1.18734
 0.250614
 -0.550796
 1.06959
 0.269017
 -0.680948
 1.00018
 -1.31455
 1.0126
 -0.991638
 1.51637
 -0.952438
 -0.218517
 -0.687811
 -0.121544
 1.21833
 -0.229969
 0.976631
 -0.749762
 -0.799005
 0.642701
 -0.847966
 0.00122183
 -0.558236
 0.23855
 0.121516
 0.311528
 0.0161804
 -0.712885
 1.05133
 -0.230365
 -0.0271045
 0.980318
 -0.589161
 -0.162869
 0.165667
 1.43514
 -0.18175
 0.723298
 -1.87571
 1.06835
 -0.082815
 -0.316002
 0.0725667
 -1.07238
 0.856762
 0.274096
 0.144258
 0.765745
 -1.00879
 0.307731
 -1.75915
 0.0972865
 1.06728
 0.988481
 -0.654022
 -0.773976
 0.600488
 -0.302473
 0.348598
 -0.459742
 -0.896226
 0.385722
 0.234816
 -0.0620966
 0.553037
 -0.256904
 0.245009
 -0.86923
 0.838766
 -0.0457833
 0.115057
 -0.671467
 -0.943648
 0.939602
 0.32588
 0.85133
 -0.658082
 -0.139931
 -0.152938
 0.694227
 0.0709459
 0.466707
 -1.55394
 0.383375
 -0.676085
 0.345322
 -0.224117
 0.694858
 -0.742768
 1.27142
 -1.06514
 1.85486
 1.13555
 -0.0504307
 -0.0075203
 -0.168921
 -1.61322
 0.326018
 -1.31319
 -0.114167
 -0.0940247
 -0.0661453
 0.983884
 -0.362541
 0.592047
 0.378244
 -0.910439
 1.06032
 -1.8768
 -0.181821
 0.76702
 0.178221
 -0.672567
 0.243288
 0.7053
 0.0227388
 -0.716631
 0.752215
 -0.16859
 0.905822
 -0.701762
 -0.0711191
 -0.198082
 0.175744
 -0.561668
 -0.646383
 0.155291
 0.0413733
 -0.359284
 0.266638
 0.165731
 -0.464539
 0.671967
 0.330998
 -0.26776
 0.0693665
 0.0853288
 0.664665
 -1.06057
 0.410331
 0.564249
 -0.470059
 0.904848
 -1.21772
 0.547895
 -0.707862
 0.776665
 -0.582637
 0.087328
 -0.448558
 0.0094596
 0.578848
 1.02146
 -0.719377
 -0.888003
 0.291961
 0.689473
 -0.689818
 1.05977
 -0.748622
 0.857673
 -0.466324
 0.158587
 -0.144859
 -1.25445
 0.460891
 0.794933
 -0.505113
 0.270098
 -0.253404
 -0.511807
 0.377908
 -1.04291
 0.236438
 0.0365802
 -0.680907
 1.61249
 0.364708
 -0.22382
 0.521049
 0.202655
 -0.379166
 0.845397
 -0.817108
 -0.00804205
 0.396325
 -0.169039
 0.433146
 -1.63807
 1.45844
 -1.43011
 1.23933
 0.103156
 0.599741
 -0.100453
 -0.308051
 -0.716406
 -1.45936
 0.919888
 0.148944
 0.832743
 -0.219092
 -0.275131
 -0.310301
 -0.958348
 -0.803624
 -0.134195
 1.42781
 -0.0827524
 0.554448
 -0.786862
 0.575068
 -0.266384
 0.0404168
 -0.0879566
 0.936711
 -0.252485
 1.01105
 -0.181435
 -1.22976
 1.595
 -1.09481
 0.860896
 -0.100211
 0.411447
 -0.768712
 -0.14388
 -0.143307
 0.691041
 0.474673
 -1.39161
 1.33139
 -0.826644
 -0.330617
 -0.375492
 0.822391
 -0.71449
 -0.878256
 1.48537
 -0.620552
 0.645065
 -0.519093
 -0.51726
 -1.16862
 1.81829
 0.870418
 -0.74328
 0.00849414
 -1.57325
 0.348838
 0.404009
 0.569476
 -0.579936
 -0.71209
 1.10148
 -0.468058
 -0.0584899
 1.27166
 -1.3096
 0.285749
 -0.279526
 -0.333289
 0.869518
 -2.6873
 1.7299
 1.04433
 0.214978
 0.436262
 0.00468064
 -0.00696802
 -0.0255837
 -0.135558
 -0.877568
 -0.0389436
 0.111697
 -0.519989
 0.308168
 -0.665002
 1.2176
 -1.09805
 0.786585
 0.594452
 -0.60468
 0.312973
 -0.765594
 0.749419
 -1.00768
 0.352938
 -0.0874253
 0.580974
 -0.758053
 0.381397
 -0.454122
 -0.437263
 0.752227
 0.392482
 1.23662
 -0.849458
 -0.790064
 0.145446
 0.260957
 -0.0817255
 0.333184
 0.423545
 -0.59619
 0.151679
 -0.331863
 0.873321
 -0.0948004
 -0.414611
 0.9952
 -0.520417
 0.206176
 -0.746581
 -0.113304
 -0.444808
 0.851939
 -0.657922
 0.916276
 1.17399
 -0.88044
 0.569902
 -0.197809
 -0.274
 -0.510744
 -0.729551
 0.208642
 -0.256231
 0.613581
 0.276732
 -0.0671825
 -0.1913
 -0.347383
 0.0878605
 -0.409847
 0.342073
 -0.478022
 -0.52698
 0.838151
 0.104336
 -0.110038
 1.28534
 -1.50511
 0.525348
 0.41009
 -0.821789
 0.632019
 -0.32468
 -0.238067
 0.162451
 -0.205545
 0.144926
 0.279475
 -0.195628
 0.409943
 -0.162395
 1.20106
 -0.09104
 -0.759
 0.787294
 -2.38707
 1.21414
 -1.56524
 0.179062
 0.34468
 -0.416252
 0.749771
 0.223959
 -0.291068
 -0.00268498
 1.03303
 -1.48745
 0.413605
 -0.340344
 0.913692
 0.239107
 -0.515753
 0.202506
 1.01165
 -0.295538
 -0.381805
 -0.0625439
 -1.1368
 1.32486
 0.156612
 -0.0365884
 -0.511576
 0.538978
 -0.139398
 -0.0341455
 1.24022
 -0.781947
 1.12296
 -0.696266
 -0.103726
 -1.1778
 0.521936
 0.208871
 -0.524715
 1.77147
 -1.02529
 -0.120327
 -1.13415
 0.740226
 -0.165444
 0.407262
 -0.409228
 1.13095
 -1.02173
 0.448198
 -0.817759
 1.39103
 -0.912785
 -0.634605
 -0.632785
 0.40117
 -0.378026
 1.06567
 -0.218964
 1.20982
 -1.047
 -0.297641
 0.0701616
 1.68653
 -0.73757
 -0.342574
 -0.0830741
 -1.08827
 0.952255
 -1.10263
 1.54401
 -0.45659
 0.47258
 -0.239408
 0.66528
 -0.54683
 -0.303862
 -0.0170255
 -0.164095
 -0.606326
 1.76706
 -1.28175
 0.515719
 -0.320749
 -0.72982
 -0.256433
 0.813785
 0.480282
 -1.36009
 0.745494
 -0.0190346
 0.356694
 0.405623
 -0.375796
 -0.363584
 -0.00962404
 0.185137
 0.564554
 -1.06417
 0.0571729
 1.0911
 -0.192367
 0.625747
 -0.149837
 0.0787052
 -0.223929
 0.355796
 -0.315571
 -0.0292929
 0.425727
 -0.308426
 0.441285
 -0.162744
 0.673114
 -0.600205
 -0.0904712
 -0.656202
 -0.674262
 -1.09101
 1.00346
 -0.455849
 0.78014
 0.779344
 -0.824816
 -1.0354
 1.59589
 -0.132367
 0.934
 -0.799276
 -0.344031
 0.522501
 -0.808451
 0.447361
 0.241129
 -0.852427
 0.770722
 -0.786994
 -0.189927
 0.588306
 -0.256674
 0.392031
 0.415859
 -0.00771788
 -0.869649
 1.03494
 -0.801878
 -0.358198
 -0.17459
 -0.172963
 0.782412
 0.452954
 -0.0744934
 0.689373
 -1.39236
 -0.490656
 -0.549211
 0.821146
 -1.47907
 1.67184
 -0.473607
 -0.389071
 0.737089
 0.428168
 -0.750455
 -0.344888
 0.345467
 0.0594532
 0.113777
 -0.698672
 1.32963
 0.260987
 -0.149638
 -0.467757
 -0.18894
 -0.636709
 0.0387738
 1.86197
 0.31099
 -0.365454
 -0.823614
 -0.0566881
 0.79413
 -0.438273
 -0.0140788
 0.134694
 -1.09074
 -0.0636757
 1.58208
 1.13856
 0.205946
 -2.12382
 -0.0747932
 0.30422
 -0.0047759
 -0.418875
 1.39537
 -0.67872
 -0.707684
 0.453731
 -0.821343
 0.927761
 -0.236316
 0.200304
 1.01788
 -1.75647
 0.283039
 -0.467441
 0.59188
 -0.912893
 0.240361
 0.470395
 0.147452
 0.972612
 -0.949771
 1.86654
 -1.42574
 0.917439
 -0.77237
 0.0214745
 0.110475
 -0.595329
 1.2102
 -1.5261
 0.177921
 1.0473
 -1.78203
 1.35869
 -1.98743
 1.37602
 0.102938
 -0.0080876
 0.780829
 -0.675589
 0.222519
 -0.200041
 0.127536
 0.686646
 -0.697137
 0.378275
 -0.341711
 -0.508836
 -0.285709
