 -0.0575941
 -0.102412
 0.0785073
 -0.054429
 -0.2198
 -0.149218
 0.173352
 -0.16825
 0.203732
 0.0587329
 -0.199237
 0.0097321
 -0.110972
 -0.0313606
 -0.0445036
 0.0961316
 -0.0939533
 0.0127562
 0.0813628
 -0.132247
 0.0738883
 -0.177713
 0.0645707
 -0.140357
 -0.151153
 -0.17667
 -0.0104624
 0.0075276
 0.0118972
 -0.14316
 -0.0565669
 -0.0943697
 -0.121787
 -0.0344876
 0.0117539
 -0.0278233
 0.0214136
 -0.0756758
 0.0015735
 0.02154
 0.00586238
 -0.225296
 -0.0813934
 -0.118897
 -0.0519834
 0.0674167
 0.136427
 0.021396
 0.089989
 -0.164183
 -0.125307
 -0.0297454
 0.0845147
 -0.295281
 0.0155607
 0.174467
 0.00679051
 -0.0511418
 0.0493805
 -0.235863
 0.024027
 0.1169
 0.243624
 -0.0550067
 -0.136299
 -0.0215147
 0.0721589
 0.0329622
 0.0477992
 -0.193091
 -0.0294827
 0.00210344
 0.087302
 -0.0116234
 -0.100033
 -0.100153
 0.0494945
 0.0457184
 0.0332755
 -0.0687913
 0.0616658
 -0.0185711
 0.0234932
 0.138449
 -0.111156
 -0.0173713
 0.000813874
 -0.0525367
 0.0911547
 0.0536619
 0.210534
 -0.0267704
 -0.0381985
 0.0696723
 0.1017
 -0.0131872
 -0.021978
 -0.107463
 -0.0536168
 0.0398876
 -0.0545005
 0.034932
 -0.0558427
 -0.0939322
 -0.0162579
 0.119851
 -0.0046465
 -0.0613912
 0.204896
 0.0792504
 -0.00133284
 0.0568633
 -0.0763972
 0.0279231
 -0.212067
 0.111684
 -0.152592
 -0.193495
 0.162645
 -0.0907588
 0.234114
 0.060671
 -0.137574
 0.202395
 0.000637937
 -0.00946232
 0.102728
 -0.0672525
 0.0159713
 -0.009648
 0.0717994
 0.174732
 -0.0475524
 -0.0465992
 0.0222934
 0.141047
 -0.0875435
 0.0846286
 -0.118649
 0.0168448
 -0.036357
 -0.0513676
 0.0326121
 0.0885378
 0.0914981
 -0.152692
 0.0640569
 0.00280051
 0.226629
 0.185631
 0.0977273
 0.0254582
 0.0035677
 0.0234618
 0.0213782
 0.0919463
 -0.0785603
 -0.0188046
 0.0363188
 0.0882812
 0.132205
 -0.0838226
 -0.124707
 0.125898
 -0.274382
 0.143102
 0.0127962
 0.0605233
 0.0510976
 -0.0913631
 0.0954799
 -0.165754
 0.0234711
 -0.166475
 0.170295
 0.0583918
 -0.0892646
 0.0108719
 0.0408555
 0.0599503
 -0.123705
 -0.101997
 0.0169996
 0.0512913
 0.00524855
 -0.0992509
 -0.18443
 -0.0902438
 0.0395902
 -0.0061387
 -0.0506558
 0.00756002
 0.127283
 -0.0342418
 -0.105684
 0.109655
 0.105789
 -0.086989
 -0.113494
 -0.0120316
 0.0160133
 -0.103995
 -0.0831064
 0.0194299
 -0.00656419
 -0.0996662
 -0.182447
 0.077676
 -0.117861
 0.0521876
 -0.185011
 0.00133167
 -0.0321665
 -0.0498578
 -0.0196878
 -0.063844
 -0.0776108
 0.160907
 -0.191599
 0.104152
 0.187701
 0.0438001
 -0.132345
 0.0556011
 0.0827903
 -0.0604586
 0.015694
 0.0321385
 -0.109463
 0.0154202
 0.0275606
 0.151371
 0.0263905
 0.0410385
 0.0579632
 0.0646208
 -0.0796525
 0.0854306
 0.121317
 -0.0543826
 -0.176344
 -0.0470375
 0.00458943
 -0.159421
 -0.0436163
 -0.012544
 -0.01489
 0.198188
 0.0243966
 0.111789
 0.116222
 -0.174358
 -0.132061
 -0.0442618
 0.00704023
 -0.185794
 -0.140594
 0.08468
 0.0606742
 -0.0486317
 0.129009
 0.075876
 0.0877349
 0.00724764
 -0.133765
 -0.0665788
 -0.118291
 0.179735
 0.0672715
 -0.183184
 0.0750338
 -0.155288
 0.107931
 -0.132896
 -0.105353
 -0.05492
 0.11445
 -0.0794806
 -0.106582
 -0.0110211
 0.041056
 -0.12524
 0.0159279
 0.0859689
 0.0194303
 0.0567698
 -0.0801814
 -0.105183
 0.0438581
 -0.0073907
 -0.123406
 0.0337054
 0.0825545
 0.133447
 -0.0901223
 0.152383
 -0.0457245
 0.0616225
 0.0664182
 -0.0179856
 0.212363
 0.0606044
 0.00653168
 -0.219505
 0.167887
 -0.0505315
 0.0943275
 0.0846099
 -0.0369226
 0.0369348
 0.175457
 0.0745207
 -0.0486689
 -0.00700238
 -0.101677
 0.1634
 0.0308341
 0.063833
 -0.0815503
 -0.0850604
 -0.0738744
 -0.0801594
 -0.00894597
 -0.134678
 0.0657952
 0.0474023
 0.0946697
 -0.0295693
 0.0411633
 0.0147102
 -0.142278
 0.0147136
 -0.122994
 0.137831
 -0.0533354
 0.169299
 0.0219022
 0.16839
 0.0500812
 -0.0909615
 0.0828571
 0.238374
 0.150197
 -0.148122
 0.0397962
 -0.0507012
 -0.128174
 0.0343827
 0.086303
 0.04103
 0.0574934
 -0.16374
 -0.187957
 -0.137791
 0.058258
 0.101423
 -0.0834292
 0.0799071
 -0.0625208
 -0.0811016
 -0.0942213
 0.00378746
 0.117296
 0.0915187
 0.103529
 0.0353195
 -0.106208
 -0.185462
 0.00314135
 0.133792
 -0.0703484
 -0.108708
 -0.0286131
 -0.0550402
 0.0602939
 -0.120989
 0.140183
 -0.168912
 0.12949
 0.0741668
 0.0472585
 0.183955
 -0.00963839
 0.0333027
 -0.155908
 0.227011
 -0.0726588
 -0.102999
 0.0869512
 -0.0720837
 0.0953916
 -0.046658
 0.0478635
 0.0950757
 0.0228619
 -0.194293
 0.0373245
 -0.0388258
 0.0322955
 -0.0573913
 -0.0607984
 0.168095
 -0.109437
 0.0596888
 0.202326
 -0.0237187
 -0.00420166
 -0.0455976
 -0.203658
 -0.0123162
 -0.0316377
 -0.162815
 -0.0810557
 -0.0470244
 0.158222
 0.0637638
 0.0160813
 0.137055
 -0.150545
 -0.0903252
 -0.198233
 -0.0656122
 -0.0280403
 0.0371122
 0.0343714
 -0.103781
 0.12382
 0.0273113
 0.0584176
 0.0847349
 0.0213289
 -0.0194428
 0.13972
 0.0547338
 0.0119137
 -0.0386288
 0.0963601
 0.0720119
 -0.110661
 -0.0722866
 0.0492564
 0.0516498
 -0.180101
 0.0379363
 -0.0356593
 0.0682456
 -0.152981
 -0.168561
 0.0613912
 0.103533
 -0.143051
 -0.100322
 -0.0360794
 -0.162746
 -0.0198797
 -0.0563389
 -0.0874849
 0.0929151
 0.0615567
 0.0779908
 -0.116936
 -0.108411
 0.162367
 -0.0101352
 0.0738969
 0.0561579
 -0.0598884
 -0.0487222
 -0.11744
 0.108207
 0.00792659
 0.103247
 -0.0544283
 0.0784004
 -0.0464222
 0.053619
 -0.0666305
 -0.109026
 0.0402604
 0.0955237
 0.0258017
 -0.0253783
 0.0212773
 0.0225464
 0.0241559
 0.126994
 -0.0895483
 0.0421463
 -0.142237
 0.124537
 -0.0120943
 0.078446
 -0.254442
 0.0484156
 -0.0101568
 0.0693695
 0.130309
 0.0245145
 -0.0579422
 -0.125785
 0.0845644
 -0.0279691
 0.0462923
 -0.122063
 -0.088523
 0.00173538
 0.0655366
 0.00987857
 0.0829169
 0.0230529
 0.127226
 -0.139113
 -0.0695591
 0.152523
 -0.0880734
 0.00419155
 -0.0263589
 -0.0594065
 0.187487
 -0.141081
 -0.0549646
 -0.201492
 -0.0752016
 -0.0648739
 -0.0408621
 0.239994
 -0.099145
 -0.0685599
 -0.0237931
 0.0937427
 0.0216559
 -0.153339
 -0.0556635
 -0.0274302
 -0.0304679
 -0.022584
 -0.0567679
 0.171822
 -0.0671535
 -0.177465
 -0.0886762
 -0.0462078
 0.000952529
 -0.0926574
 0.173924
 0.210415
 0.0264206
 -0.0590276
 -0.165625
 -0.0381706
 -0.025555
 0.14396
 -0.0330775
 -0.0467159
 -0.17804
 -0.0194306
 0.0285848
 -0.0334704
 0.102083
 0.00514272
 0.0983886
 -0.0467186
 -0.05706
 0.045772
 -0.0527653
 -0.273015
 -0.101037
 0.255943
 -0.110426
 0.133178
 0.171856
 -0.0352005
 0.00362109
 0.136878
 -0.051464
 -0.0100866
 0.132002
 0.118359
 0.11071
 -0.0902769
 0.0206723
 -0.0788965
 -0.00278176
 -0.0873959
 -0.052589
 -0.0566851
 0.139806
 -0.0868552
 0.0972359
 0.0604415
 0.0409535
 -0.036258
 -0.0600107
 0.0270006
 0.13991
 -0.126752
 0.00828547
 0.0824424
 -0.00565054
 -0.14044
 -0.0431189
 0.0785472
 0.149375
 -0.0385309
 -0.00598752
 0.0084666
 -0.0712929
 -0.019921
 0.0947854
 0.00440776
 -0.0883484
 0.194914
 -0.0671332
 -0.20355
 0.0608469
 -0.136428
 0.0780325
 -0.0964587
 0.216686
 -0.0899345
 0.135277
 -0.150095
 -0.0481841
 0.0316056
 0.0587633
 -0.0790902
 -0.147297
 -0.0967351
 0.0172602
 0.00829522
 0.0844498
 -0.189984
 -0.0357274
 0.143903
 -0.113032
 -0.0672474
 -0.034021
 0.03842
 -0.0794132
 -0.0922568
 -0.0767624
 -0.0899597
 0.035824
 0.0910196
 0.208269
 0.096598
 -0.0168431
 0.0104938
 -0.174895
 0.144604
 0.063283
 0.00227474
 0.214153
 -0.20124
 0.111617
 -0.112296
 0.115109
 -0.11359
 -0.0412166
 0.034731
 -0.013603
 0.0850519
 -0.087388
 0.0210358
 -0.0369851
 -0.0234552
 -0.106048
 0.131486
 -0.00352887
 -0.0419726
 0.110801
 0.0595252
 -0.0718458
 0.0276027
 0.00350679
 0.155108
 0.0913397
 -0.00541486
 0.13873
 0.0486181
 -0.0531381
 -0.0457706
 -0.306504
 -0.164399
 0.00518212
 0.0493638
 -0.00627877
 0.0712088
 -0.00313519
 0.0109994
 -0.0153189
 -0.00974422
 -0.192848
 -0.166075
 -0.148166
 0.0450279
 -0.0645952
 -0.136843
 -0.0394791
 0.0458214
 0.107279
 -0.193328
 -0.069109
 0.000371585
 0.0389956
 0.0279348
 -0.0741085
 -0.121587
 0.116517
 0.0617385
 -0.0578952
 0.156917
 -0.0506457
 0.00662234
 0.0368954
 -0.194985
 -0.204969
 0.0506953
 -0.0339117
 0.120936
 -0.075862
 -0.20146
 0.00211711
 -0.0418432
 0.152196
 -0.0256538
 -0.0497124
 0.024106
 0.0800873
 -0.0240393
 -0.0597085
 0.033896
 -0.0434484
 -0.120631
 0.0327453
 -0.0554733
 -0.00781348
 0.00706959
 0.122189
 0.0153769
 0.112663
 -0.0492845
 -0.0942446
 0.156368
 -0.0275254
 0.0611778
 0.0367838
 -0.127087
 -0.0388332
 0.167319
 0.0612156
 -0.0188461
 -0.0516065
 0.00390889
 -0.0798675
 -0.112035
 0.101521
 -0.0428918
 0.185166
 0.204378
 0.0677985
 0.0301324
 -0.0457558
 0.116744
 0.0288948
 -0.0502317
 -0.0383035
 -0.232741
 0.0188374
 0.0852539
 0.0152556
 -0.120264
 0.115467
 0.0324951
 -0.123534
 0.0620921
 0.114605
 0.0401437
 -0.330184
 -0.0640221
 -0.0678447
 0.0314356
 -0.0320969
 -0.0135088
 -0.103701
 0.152842
 -0.0311481
 0.094163
 0.169234
 0.0206685
 -0.0680919
 0.20812
 0.143706
 -0.0668007
 -0.0546825
 0.113634
 0.214558
 0.00819236
 0.0395259
 0.0333886
 -0.103433
 0.247558
 -0.109536
 -0.163973
 -0.101078
 -0.136014
 0.223296
 -0.0495006
 0.205695
 -0.0336733
 0.00767629
 -0.0458066
 -0.0631674
 0.0696315
 -0.0476126
 -0.0299819
 0.0693344
 -0.0763033
 0.238444
 0.224166
 0.063682
 -0.06211
 -0.0218166
 0.155518
 0.0339258
 0.0680866
 -0.0895143
 0.205599
 0.117586
 -0.140769
 -0.0910735
 0.190043
 0.085983
 0.0331808
 -0.034093
 0.130823
 -0.253864
 0.00793706
 -0.0597273
 -0.0137531
 -0.14464
 -0.175025
 -0.00247075
 0.0736954
 -0.243032
 0.0468239
 -0.00792868
 -0.105344
 -0.0680876
 -0.0997743
 -0.256766
 -0.0353341
 0.0375716
 0.213184
 0.105904
 0.178886
 0.00513637
 0.136262
 0.00450783
 -0.0971631
 0.260708
 -0.0510598
 0.260043
 0.0908723
 -0.03371
 0.0487351
 0.0549123
 -0.067278
 0.18803
 0.0267428
 -0.0345175
 0.114365
 -0.0327569
 0.0698204
 0.0490071
 0.114743
 -0.0146825
 0.0334474
 -0.150398
 0.0498624
 0.047499
 0.130187
 -0.0478119
 -0.11985
 -0.0228175
 0.00548063
 -0.170019
 0.251514
 0.0999564
 0.105267
 -0.0269296
 0.0021784
 -0.0815834
 -0.0682886
 0.106137
 -0.0175538
 -0.0822256
 0.0988044
 -0.0289443
 -0.257941
 0.0116604
 -0.0148034
 -0.116301
 0.0831904
 0.0121484
 -0.148275
 -0.103289
 0.0365887
 0.0885197
 0.086778
 -0.0948368
 0.0631184
 -0.0735804
 0.0510969
 0.0348216
 -0.0214261
 0.0450316
 0.0349543
 -0.146814
 -0.111074
 0.178264
 0.0368956
 0.0200504
 0.073217
 -0.0888079
 -0.0486439
 -0.137672
 0.18921
 0.0362477
 -0.122843
 0.0550501
 0.211982
 -0.0164225
 -0.00739704
 0.0474924
 0.104162
 0.178601
 -0.0341905
 0.11555
 -0.0900617
 -0.00227187
 -0.000980129
 -0.069405
 -0.0052167
 0.198713
 0.0387854
 -0.0128489
 0.106224
 -0.174201
 -0.0999087
 0.0533812
 0.0900243
 -0.0558481
 -0.0522767
 0.0602878
 0.0793231
 -0.000543785
 0.0260295
 -0.0158502
 0.121182
 0.0581152
 0.0239535
 -0.070818
 0.0919938
 0.0732356
 -0.198283
 -0.0459488
 -0.125854
 0.0997664
 -0.17395
 -0.0136346
 0.0806945
 0.156884
 0.0572163
 -0.0569707
 0.0805389
 -0.0257491
 0.091212
 0.0647213
 0.0581352
 0.0696749
 -0.0043532
 -0.0176282
 0.00246088
 -0.00838372
 -0.0657887
 0.0533896
 0.0349013
 -0.0123135
 -0.0244123
 0.0483102
 0.101854
 -0.0441357
 0.0803071
 -0.0839347
 0.14699
 0.0300745
 -0.109101
 -0.046667
 -0.0412661
 -0.0397322
 -0.0874387
 -0.128276
 0.173227
 -0.0825932
 0.0276715
 0.0726279
 0.226031
 -0.0253853
 0.124662
 -0.0886572
 -0.115466
 -0.161391
 0.00365461
 -0.0636249
 0.0944734
 -0.0195075
 -0.10629
 0.0848565
 -0.0343595
 -0.125183
 0.212327
 0.0684663
 -0.0249752
 0.149486
 0.107196
 0.130735
 -0.00641644
 -0.0168245
 0.0393304
 0.0259889
 0.0209643
 -0.0409419
 -0.166573
 0.0941823
 0.104461
 0.137112
 0.117894
 -0.0369461
 0.0818184
 -0.00535372
 0.0897628
 -0.153265
 -0.0967954
 -0.121079
 0.161669
 -0.0882428
 -0.0550073
 0.032769
 -0.00278109
 0.0290365
 0.198486
 -0.108091
 -0.144788
 -0.0508503
 0.101016
 0.069477
 0.19469
 -0.0240291
 -0.17129
 0.0995402
 0.0891337
 0.0692075
 -0.0370898
 0.0984795
 0.024366
 -0.0859002
 -0.221096
 0.0935199
 -0.00901259
 -0.0980493
 -0.183618
 0.119427
 0.023639
 -0.235337
 -0.0297633
 0.0322068
 -0.0583443
 0.0233079
 -0.173158
 -0.128594
 0.0142031
 0.036086
 0.08408
 0.0914963
 0.0173099
 0.120734
 0.12128
 -0.0120575
 -0.00482272
 0.168706
 0.022637
 0.0492989
 0.0632316
 0.0776393
 -0.076801
 0.00898463
 -0.00981404
 -0.0653233
 -1.58592e-05
 0.0440784
 0.0196835
 -0.135194
 0.0821113
 -0.271209
 -0.0886022
 0.272209
 0.0350275
 0.065957
 0.188015
 -0.0271863
 0.0282337
 -0.0168398
 0.0835895
 -0.0451016
 -0.115813
 -0.0294818
 0.0575437
 0.155162
 0.068615
 0.0571252
 0.0478099
 0.171478
 -0.00156747
 0.118754
 -0.086171
 -0.128537
 0.174864
 0.126688
 -0.0146033
 -0.113359
 0.042035
 -0.127141
 -0.0221702
 -0.00424276
 -0.118879
 -0.00587061
 0.0214646
 -0.0190058
 -0.118699
 0.0911815
 -0.0188748
 0.0904474
 -0.0233982
 -0.0587814
 0.122293
 0.00213077
 0.114418
 -0.143522
 -0.0412011
 -0.0571327
 0.0694595
 0.090177
 0.124451
 0.0692495
 -0.0185212
 -0.0966371
 0.0557623
 -0.00544913
 0.0543729
 0.170891
 -0.0134127
 -0.0686293
 0.0023772
 -0.168098
 0.0391371
 -0.0851051
 -0.0681988
 0.111608
 -0.0828025
 -0.0686097
 -0.110824
 0.0663697
 -0.15131
 0.0528756
 0.0557114
 -0.129786
 0.132725
 -0.00101818
 -0.0705366
 -0.00259893
 -0.137973
 0.165866
 -0.139117
 0.0206334
 -0.00917156
 -0.00714349
 0.125021
 -0.102344
 0.00160871
 -0.0172672
 0.0459175
 0.0138284
 -0.117709
 0.0576731
 -0.106698
 -0.154124
 -0.00397556
 -0.0407193
 0.0408701
 0.0380699
 -0.0262587
 0.0106567
 -0.0211664
 -0.123699
 -0.0990163
 0.0866511
 0.0836656
 0.156346
 -0.0640804
 -0.185622
 0.149389
 -0.0767475
 -0.0111041
 0.046364
 -0.0870135
 0.130202
 -0.000724354
 0.0512553
 -0.0927894
 0.0183116
 0.0631762
 0.162332
 0.108485
 -0.124448
 0.035117
 0.0127177
 -0.0761825
 0.00890802
 -0.097842
 -0.0788742
 0.0115381
 -0.0200295
 -0.0539324
 0.185394
 0.0928575
 -0.0837955
 -0.0494712
 0.0597037
 0.0547084
 0.0832012
 0.0622649
 0.142219
 0.165097
 -0.0535921
 -0.0742271
 -0.0514294
 -0.0291376
 0.142475
 0.215613
 -0.159099
 -0.071782
 0.165915
 -0.181512
 0.124366
 0.121142
 -0.255513
 0.0294297
 0.0225484
 -0.13544
 0.0335346
 0.122019
 0.127418
 -0.00921298
 0.0926093
 -0.0579237
 -0.126374
 0.224864
 0.026255
 0.0235325
 -0.150888
 -0.154072
 -0.0144589
 0.016742
 -0.0703609
 -0.0623094
 0.0048925
 -0.178848
 -0.170972
 -0.224617
 -0.0326778
 0.0544734
 0.0363969
 -0.0403588
 0.00468641
 0.0539741
 0.000604111
 0.0337418
 -0.0833972
 -0.121517
 -0.130355
 0.14016
 0.0165846
 -0.133242
 0.0965355
 -0.0227159
 0.0447284
 -0.144748
 0.0547686
 0.058793
 -0.116808
 0.0744861
 -0.0149199
 -0.109476
 -0.150829
 -0.165817
 -0.136907
 0.0166021
 -0.0560987
 -0.025376
 -0.062272
 0.0337465
 0.00714226
 0.128298
 0.00666267
 0.191238
 0.0900492
 -0.129288
 0.1001
 0.0696824
 0.0746074
 0.156415
 0.11871
 -0.0576513
 -0.0405933
 -0.0454177
 -0.000861035
 0.0856688
 0.0888262
 -0.04189
 0.0571461
 -0.242386
 -0.0850197
 -0.126862
 -0.0368444
 0.0674018
 0.016697
 -0.0280629
 -0.0995837
 0.0393521
 -0.00381868
 -0.0703903
 0.0143734
 -0.0352791
 0.00951437
 -0.0646544
 -0.111771
 -0.0209733
 0.0198337
 -0.140501
 0.0562775
 0.120767
 -0.0848617
 0.0857419
 0.0572994
 -0.0981499
 -0.161045
 0.0208055
 0.0808606
 0.0173906
 0.119291
 0.0290477
 0.107333
 -0.126924
 -0.136417
 0.112662
 -0.22808
 -0.0378427
 0.174807
 0.268755
 0.286362
 0.0290197
 -0.00792415
 -0.074719
 0.0601362
 0.0438824
 0.138949
 0.0339934
 0.0849078
 -0.109141
 0.131479
 0.151178
 -0.0501864
 -0.0682643
 -0.0672215
 0.0409372
 -0.10349
 -0.0456141
 0.0730891
 -0.185243
 -0.12725
 0.0209796
 0.0648228
 -0.105381
 -0.00912241
 -0.00170803
 -0.0691517
 -0.145945
 -0.0924581
 0.164008
 -0.00463403
 0.002996
 0.0566144
 -0.133951
 -0.018137
 -0.0198618
 0.279451
 0.00744946
 -0.0609703
 -0.0423955
 -0.0252227
 -0.149282
 0.00571306
 0.0702807
 -0.0107204
 -0.113709
 0.108731
 -0.0107579
 -0.0583871
 0.0196358
 -0.069083
 -0.165757
 0.0162168
 -0.0467509
 -0.129281
 -0.0767841
 -0.00608485
 -0.124544
 -0.0466772
 -0.0488861
 -0.036948
 0.0325936
 -0.113675
 0.00831735
 0.0460644
 -0.228618
 0.0644559
 -0.18396
 0.220459
 0.122998
 0.144854
 -0.204039
 0.0853185
 -0.177617
 0.0604729
 0.114811
 0.179593
 0.0413602
 -0.0674762
 -0.119704
 0.114289
 -0.0337626
 -0.0955663
 0.234246
 0.0744871
 -0.044668
 -0.173388
 0.246974
 0.199661
 0.0907625
 0.00534406
 0.00193244
 -0.0166969
 -0.0163771
 -0.077908
 -0.0951959
 -0.0407676
 -0.00433552
 -0.0171543
 0.023625
 -0.0370642
 -0.039851
 0.076296
 -0.080385
 -0.192488
 -0.0995409
 -0.14713
 -0.00593053
 0.0684816
 -0.0932886
 0.0188539
 0.185622
 0.0425545
 -0.0980098
 0.076554
 -0.0932514
 -0.119873
 -0.0524303
 -0.0415486
 -0.204673
 -0.12474
 -0.0655892
 -0.0703598
 -0.0540401
 -0.165683
 -0.0168787
 0.171868
 0.100135
 0.133789
 0.0130284
 0.0407761
 -0.00106256
 0.0514788
 0.0241696
 -0.0995861
 0.0338416
 0.218952
 -0.125963
 -0.0365198
 0.0170278
 0.103614
 -0.171118
 0.0908662
 0.0990702
 0.196755
 -0.286689
 -0.163038
 0.0508677
 0.0972257
 0.00540846
 0.0528007
 -0.143165
 0.0153557
 -0.00464926
 -0.124718
 0.084794
 -0.0860116
 0.0289889
 -0.106551
 -0.10923
 0.0239993
 -0.0296535
 0.100089
 -0.0289489
 0.025209
 0.11071
 -0.16594
 -0.147332
 0.147962
 0.0221781
 -0.0679673
 -0.000807508
 -0.0822172
 -0.0941437
 0.0620533
 -0.241383
 -0.16266
 0.0784208
 0.0748468
 -0.0323036
 0.271943
 0.0371246
 0.0992606
 -0.0968888
 0.0468679
 0.113113
 -0.113516
 0.0331218
 -0.0168657
 -0.09598
 -0.11002
 0.222491
 0.109545
 0.190533
 -0.0159258
 0.12693
 -0.112488
 0.103165
 0.10608
 0.0651631
 0.0938442
 0.00904858
 0.0571394
 -0.0591819
 0.0227512
 0.00506869
 0.111926
 0.12796
 0.0308958
 0.0263956
 -0.0325693
 -0.0357563
 -0.0453581
 0.136998
 0.121372
 -0.13306
 -0.089328
 -0.106626
 -0.026696
 0.207353
 0.107834
 -0.206849
 -0.0599242
 -0.105111
 0.063043
 -0.0421485
 -0.086264
 0.0376689
 0.0582756
 0.0827069
 0.00672392
 0.0970579
 -0.200537
 0.0379399
 -0.0989186
 0.0813228
 -0.0140465
 -0.145071
 0.0737047
 -0.0245924
 0.0339141
 -0.174285
 0.151884
 0.0444409
 -0.124141
 -0.0742425
 -0.0978512
 0.131571
 -0.0738262
 -0.0150409
 0.0324223
 0.0627191
 0.116796
 -0.0871666
 -0.133455
 0.150345
 0.00140813
 -0.0438974
 -0.0347399
 -0.159525
 0.0263987
 0.10743
 0.295118
 0.0373787
 0.0301741
 -0.0873889
 0.00532966
 0.0760639
 -0.0595118
 -0.0761426
 -0.0413145
 -0.144802
 -0.120348
 -0.0300119
 0.128302
 0.15016
 0.250792
 0.0291877
 -0.128639
 0.112325
 -0.0194016
 0.0071014
 0.0139083
 -0.106953
 0.0716719
 0.0420164
 -0.170212
 -0.210429
 0.204349
 0.0754889
 0.108356
 -0.0330227
 -0.0947278
 0.128873
 0.0745457
 0.0188285
 0.0746319
 -0.0296054
 -0.0665447
 -0.15421
 -0.00524434
 0.12518
 -0.127123
 -0.155919
 -0.0983481
 -0.229734
 -0.051861
 -0.0738881
 -0.120958
 -0.0104304
 0.152883
 -0.105394
 -0.0205427
 -0.132821
 -0.0869725
 0.0132275
 -0.201101
 0.0401459
 -0.0681822
 -0.00821273
 -0.0691211
 0.0910727
 -0.0775937
 -0.112597
 0.167382
 0.0621876
 0.0836815
 -0.142332
 0.115577
 0.0818766
 0.00789149
 -0.000922875
 -0.0288259
 0.011728
 -0.0227527
 0.203377
 0.0345389
 0.118546
 -0.146117
 0.19172
 0.0649111
 -0.0719098
 -0.0525319
 0.0964757
 0.133713
 0.0457111
 0.13365
 0.0254929
 -0.0336818
 0.119543
 0.0608316
 -0.0723894
 -0.0841276
 -0.130536
 0.0438966
 0.0627092
 -0.0935179
 0.0864316
 -0.068416
 0.0516385
 -0.221269
 -0.133393
 0.0408992
 0.0801146
 0.161557
 -0.0890383
 0.109977
 0.0721518
 0.133599
 -0.127221
 -0.0625546
 -0.0444755
 0.165651
 -0.0530003
 -0.0375337
 0.0041962
 0.0238716
 -0.183524
 0.0293234
 0.121666
 0.116928
 0.090054
 -0.159237
 0.105823
 0.0938356
 -0.0291413
 0.152351
 -0.0432066
 -0.0380485
 0.045532
 -0.0443831
 -0.127392
 -0.0553765
 -0.0399052
 0.156365
 0.182222
 -0.00779606
 0.0233213
 0.040462
 -0.0705009
 -0.0060205
 -0.0323173
 -0.0580333
 -0.00475928
 -0.106982
 0.143344
 0.0301124
 0.0162578
 -0.00152414
 -0.0928437
 -0.00944088
 -0.0367584
 0.221288
 -0.0171597
 -0.100512
 0.116694
 0.135686
 -0.00536345
 0.00934062
 0.0328556
 -0.167981
 -0.00775039
 -0.0222332
 0.0708631
 0.084047
 -0.161069
 -0.0198367
 -0.0120194
 0.0990395
 0.0880603
 0.118224
 -0.136136
 -0.171583
 0.0840146
 0.0556403
 0.0318951
 -0.163156
 0.115438
 -0.165505
 0.0573127
 0.121953
 -0.0555878
 0.211946
 -0.0847503
 0.112121
 -0.00964256
 0.0414082
 0.122401
 -0.062874
 0.0845713
 -0.0808747
 -0.0347605
 -0.222087
 0.0448899
 0.0897238
 -0.0120543
 0.0287511
 0.266355
 -0.0143736
 -0.0759198
 -0.178275
 -0.12017
 -0.100879
 -0.137622
 -0.0989624
 0.128411
 -0.0203542
 -0.0163902
 0.106514
 -0.117075
 0.0298055
 -0.223322
 0.162685
 0.13778
 -0.0524722
 -0.0909571
 0.0464914
 -0.0090708
 -0.0864683
 0.0934702
 0.0689119
 -0.116861
 -0.0862629
 -0.0661727
 0.0289835
 0.0628256
 -0.0817108
 -0.0978656
 0.100924
 0.103269
 -0.0138167
 -0.0484638
 -0.155219
 0.102953
 0.0748721
 0.0431708
 -0.0745096
 -0.278362
 -0.00508902
 0.244699
 0.102027
 0.0430969
 -0.0559471
 0.0255851
 0.0266378
 0.00678298
 -0.095171
 -0.00780851
 0.111308
 0.147801
 -0.0113934
 -0.0984045
 0.0258732
 -0.113704
 -0.0845315
 0.0657364
 0.0818457
 -0.092269
 0.0519453
 -0.011088
 -0.101902
 -0.0505077
 0.0675022
 -0.161168
 0.00293699
 -0.00831898
 -0.0711022
 -0.157958
 -0.0617007
 -0.0563175
 0.0189413
 -0.128059
 -0.0746602
 0.0513158
 -0.0462461
 -0.0483216
 -0.0816142
 -0.0249546
 -0.0330972
 -0.0875731
 -0.00318636
 0.0953869
 -0.164436
 -0.162863
 0.164142
 -0.0171595
 -0.132374
 0.0976238
 0.0448416
 0.0513811
 -0.0688926
 0.0218856
 0.0738745
 0.133469
 -0.0344541
 -0.100478
 0.0936397
 0.123366
 0.185929
 -0.0406212
 0.0158234
 -0.107644
 -0.0193057
 -0.138472
 0.0757921
 -0.16181
 -0.00610759
 -0.0247946
 -0.222163
 -0.00957423
 0.0500182
 -0.124729
 -0.0266012
 -0.299372
 0.12036
 -0.0457014
 0.144498
 -0.141981
 -0.0196355
 0.0519726
 -0.0114557
 0.152029
 0.0505249
 -0.0441632
 0.0407682
 0.0478512
 -0.0387128
 0.0651183
 0.117749
 -0.032225
 0.211828
 -0.0683445
 0.0527513
 -0.0439374
 0.0597226
 -0.177326
 0.133083
 0.225654
 0.0310564
 -0.0705629
 -0.0899294
 -0.0829696
 0.0686019
 -0.12784
 0.0246944
 -0.0079504
 0.0826939
 0.0359542
 0.123843
 -0.0948164
 0.0407992
 0.169031
 0.0279127
 -0.048233
 0.072025
 0.112608
 0.0720238
 0.0167193
 0.0926472
 0.0993918
 -0.0195075
 0.140177
 -0.114872
 0.00307858
 -0.101522
 0.0321562
 0.0572286
 0.0948492
 0.0132509
 -0.0602574
 -0.0530278
 0.166108
 -0.0622437
 0.186247
 -0.0704687
 -0.0724419
 0.0915608
 -0.121372
 -0.0334829
 0.131109
 0.14017
 0.200112
 -0.104499
 0.144417
 -0.0904157
 0.171376
 0.0742984
 0.0433096
 -0.0475399
 -0.178684
 0.0765207
 -0.250206
 -0.242823
 0.134204
 0.141889
 -0.0592259
 0.138997
 0.0163001
 -0.00466354
 0.125086
 -0.0535174
 -0.0262139
 -0.0383525
 -0.0326908
 -0.0891488
 -0.00339813
 0.0797706
 -0.00506242
 0.225614
 -0.147556
 0.0940028
 0.0879854
 -0.014765
 -0.0972304
 -0.0607956
 -0.019038
 -0.180162
 0.0335295
 -0.170259
 0.0169979
 0.00516683
 0.0340175
 0.027614
 0.153182
 -0.0824296
 -0.035523
 0.102934
 -0.100987
 -0.132451
 0.171966
 0.0209465
 0.135056
 0.0308572
 0.0284415
 0.0224626
 -0.174093
 0.0349876
 -0.0857004
 -0.0741093
 -0.0256356
 0.134829
 0.013202
 -0.0101308
 -0.118085
 -0.154908
 -0.0184984
 0.0223077
 -0.0999754
 -0.0459228
 0.17867
 0.174674
 0.0911487
 -0.0278814
 -0.000921784
 -0.0666163
 -0.0184141
 0.164952
 0.0385215
 -0.0108018
 0.145067
 -0.227197
 0.0855983
 -0.165734
 -0.0940305
 -0.0554187
 -0.0586379
 -0.0561843
 0.0482087
 -0.0337142
 -0.183332
 0.0105356
 0.00839445
 -0.219834
 0.0313464
 0.213293
 0.0662201
 0.0399333
 0.132898
 -0.0541467
 -0.184973
 0.127606
 0.161873
 0.181001
 0.0134805
 0.0930601
 -0.0225709
 0.000729992
 -0.0874924
 0.0776705
 0.107124
 0.0770795
 -0.0741441
 -0.0794225
 -0.202049
 0.260294
 -0.0120862
 0.0101927
 -0.0473309
 -0.0743861
 0.0281736
 0.105891
 0.0850004
 0.0224742
 -0.0677393
 -0.0676228
 0.0302672
 -0.0778559
 0.135451
 -0.0365073
 0.0262205
 -0.098584
 0.0114361
 0.14513
 0.0625395
 -0.0299367
 0.0632875
 -0.109674
 0.0245238
 -0.0349971
 -0.127494
 0.0566452
 -0.0968713
 -0.0988426
 0.152518
 0.0910603
 0.0558597
 0.0282438
 0.107589
 -0.0267415
 0.0259685
 -0.00740961
 0.14375
 -0.164913
 -0.0218834
 0.200354
 0.0265511
 0.133214
 -0.0917445
 0.0421935
 -0.0271593
 -0.187493
 -0.113678
 0.0357846
 0.0502096
 -0.101617
 -0.0467392
 -0.0770916
 0.0123348
 0.101333
 -0.136978
 -0.123274
 0.0794269
 -0.0750158
 0.0153825
 0.255951
 0.045993
 0.0737397
 -0.164202
 -0.0177499
 0.0786497
 0.0410707
 0.0213192
 -0.0525784
 -0.02625
 -0.0932201
 -0.0967143
 -0.0464726
 -0.0987445
 -0.0270087
 -0.0226994
 0.22897
 0.0254329
 0.124723
 0.161878
 -0.0861533
 0.0132752
 0.141639
 -0.0199401
 -0.076145
 -0.0529659
 -0.145366
 0.224549
 -0.117448
 -0.0530511
 0.0746402
 -0.0743571
 -0.0359676
 -0.00877808
 0.152526
 0.0852542
 -0.0926388
 0.11173
 -0.0466674
 -0.0279417
 -0.0580534
 -0.0597215
 -0.048167
 0.0410187
 0.00666523
 -0.0278461
 0.0769981
 0.0974453
 0.0228523
 0.0316735
 0.103313
 0.127749
 -0.0956346
 -0.115558
 -0.0250423
 -0.0806746
 0.0146144
 -0.136121
 0.0432269
 0.0917466
 0.0848681
 -0.126709
 -0.0338618
 0.0565896
 -0.0610312
 -0.0283733
 -0.0811253
 0.0222158
 -0.206226
 0.0228178
 0.115019
 0.128885
 -0.171249
 0.0294476
 0.0765654
 0.105289
 -0.087116
 -0.072748
 -0.00518951
 0.0813818
 -0.204245
 -0.105523
 0.0646862
 0.0412817
 0.144559
 0.175558
 -0.0823945
 0.120217
 -0.0957346
 0.0108146
 -0.039533
 0.0407783
 -0.00186746
 -0.099492
 -0.00126805
 -0.112643
 0.0546691
 -0.0691625
 -0.0723111
 -0.00520457
 0.041525
 0.0425867
 -0.00803189
 -0.142366
 -0.095798
 -0.13273
 -0.000916318
 -0.0366485
 0.169731
 0.0939807
 0.074424
 -0.0501602
 0.109897
 0.216105
 -0.147851
 -0.20443
 0.0468035
 0.0394075
 0.0578074
 -0.0551745
 0.0148018
 0.175124
 -0.0753817
 0.206998
 -0.0910204
 -0.0142541
 0.0927554
 0.161373
 -0.0413849
 -0.00722371
 -0.0795231
 0.048049
 0.0720896
 0.0336906
 0.0435684
 -0.107583
 -0.196731
 -0.0637831
 -0.000529282
 -0.0508133
 0.133725
 0.0507646
 0.00206728
 0.0404107
 0.0882207
 -0.023643
 -0.17968
 -0.0225174
 -0.124996
 0.051169
 0.0793154
 -0.103026
 0.2897
 -0.00111799
 -0.074121
 -0.0588355
 -0.0420639
 0.0507016
 -0.12512
 -0.126156
 -0.11087
 0.0992133
 -0.00465146
 -0.130131
 0.107301
 0.0695208
 0.0811146
 0.0742717
 -0.0615718
 0.0511168
 -0.216658
 0.0167609
 0.0733636
 0.0441477
 -0.0220825
 0.0197229
 -0.00553162
 -0.186367
 0.0768122
 -0.0264945
 -0.0673851
 0.0692561
 -0.0517671
 0.120729
 -0.0998766
 -0.0511813
 0.0239532
 0.0905194
 -0.0893337
 -0.0839451
 -0.0978767
 0.0695207
 -0.0944578
 -0.10218
 -0.086422
 -0.0250077
 -0.0374783
 0.0437201
 -0.0015871
 0.0202282
 -0.000247485
 -0.020328
 0.245066
 0.00679031
 -0.101607
 -0.0178935
 -0.0402849
 0.0295524
 -0.218399
 0.0226008
 0.125716
 0.0992209
 0.119481
 0.0311924
 0.0817357
 -0.00191964
 -0.0775874
 0.00758582
 -0.170355
 0.0408139
 0.193531
 -0.0997277
 0.239728
 -0.0331187
 -0.0977146
 0.0577248
 -0.176696
 0.106315
 0.0437818
 -0.0664936
 -0.0270089
 -0.00897116
 -0.0124372
 -0.00592306
 -0.0372317
 -0.00365398
 0.0241912
 0.00394249
 0.157765
 0.0758665
 0.0994373
 -0.0086194
 0.00242647
 0.0919188
 -0.105867
 0.0427206
 0.00645013
 0.0530532
 0.039862
 -0.138963
 -0.0540896
 -0.00504439
 -0.0919449
 -0.0146798
 -0.0725911
 0.0609504
 0.0892469
 -0.230788
 -0.0236299
 0.00222915
 0.200523
 -0.0168569
 -0.0877693
 0.156207
 -0.0169699
 -0.312095
 -0.0243306
 -0.0991619
 0.0597168
 -0.0833742
 0.0717979
 -0.123638
 -0.182667
 -0.143533
 0.112842
 0.0223417
 -0.00768369
 -0.0524639
 0.0791254
 -0.074378
 -0.102847
 -0.170474
 0.180189
 -0.0185242
 0.0403583
 -0.0905123
 0.00925211
 -0.0286495
 -0.0607474
 -0.120378
 -0.138085
 0.216114
 0.139124
 0.115045
 -0.0916451
 -0.0541774
 0.140934
 -0.101087
 -0.0391016
 -0.00756455
 0.0652779
 -0.0253349
 -0.0834398
 -0.010648
 0.0914803
 0.00434232
 0.0811486
 -0.0552437
 0.134565
 -0.0738729
 -0.0365056
 0.136497
 -0.167969
 0.0705291
 0.0464189
 -0.0965379
 0.0240676
 0.130513
 0.0453671
 -0.0100444
 0.0682197
 0.0217775
 -0.10358
 0.0165446
 0.0125525
 -0.00650617
 -0.152016
 -0.0535544
 0.0810355
 0.0858453
 -0.0338291
 -0.0175275
 -0.0282151
 0.0259201
 -0.192658
 -0.0323306
 0.0316605
 0.0188246
 -0.0311923
 -0.0298107
 0.202362
 0.0385595
 0.063148
 -0.0480297
 0.060149
 -0.0757188
 -0.0993287
 -0.0621956
 -0.0815987
 -0.0922439
 0.271149
 0.0602798
 0.189381
 -0.0593609
 0.0680468
 0.152839
 0.107356
 0.0130345
 -0.0521631
 0.0319909
 0.0412503
 0.0132041
 -0.059258
 -0.0665917
 0.0536485
 -0.0456503
 -0.0148636
 0.168614
 0.0327809
 0.0733284
 -0.145609
 0.0217114
 -0.115375
 -0.000669108
 -0.0548218
 0.233508
 -0.00135619
 -0.199924
 -0.0675176
 0.0365374
 -0.0695298
 0.0666775
 0.0203356
 -0.00292527
 0.0942737
 0.0150547
 0.0110076
 -0.015432
 -0.0952655
 -0.0633145
 0.0679436
 -0.0569515
 -0.0132686
 -0.229621
 -0.0159745
 -0.0184884
 -0.162674
 -0.101293
 -0.0811301
 0.0841259
 0.0891451
 0.0451849
 -0.0999431
 -0.0845199
 0.0310724
 -0.0310416
 0.00683658
 -0.0491831
 -0.167749
 -0.0161853
 -0.0613274
 0.00784574
 0.0133251
 -0.0122482
 0.0500621
 -0.0373084
 -0.0102793
 0.156224
 0.0505862
 -0.10232
 -0.0170576
 0.108605
 0.0641573
 -0.0433353
 -0.232273
 0.0238431
 -0.0685969
 0.088597
 -0.0445967
 0.0812316
 -0.166972
 -0.01066
 -0.112001
 0.0283512
 0.117423
 0.0583454
 0.040195
 -0.00719278
 0.307939
 0.24091
 0.0280014
 0.106903
 0.043142
 0.100526
 3.4608e-05
 0.0885022
 0.107966
 -0.0755415
 0.0347417
 0.0948386
 -0.0936909
 -0.0479492
 0.0610799
 0.0451113
 0.00618616
 -0.114453
 -0.296924
 0.0686168
 0.0329392
 0.00817585
 -0.0442058
 0.00998717
 0.046627
 -0.00854874
 0.0513892
 -0.0166792
 0.0191289
 -0.123055
 -0.00247632
 -0.0526777
 -0.0454421
 -0.114024
 0.108809
 -0.0883153
 0.0273653
 0.24692
 0.047738
 0.00304152
 0.124494
 0.0515336
 -0.116665
 -0.0268426
 -0.0263485
 -0.0136581
 0.0980867
 0.025236
 0.110608
 -0.0792199
 -0.0383974
 -0.119403
 -0.234425
 0.130616
 0.0890893
 -0.0217434
 0.142878
 -0.144659
 0.075141
 -0.107746
 0.094803
 0.0652451
 0.192007
 -0.134981
 0.099363
 -0.0306382
 0.00766601
 -0.0141895
 0.0495524
 -0.00218605
 -0.0278221
 -0.141507
 0.109696
 -0.27698
 0.0474928
 -0.120697
 0.0827648
 0.122506
 -0.0353382
 0.183189
 -0.0163828
 0.0742908
 -0.142134
 -0.107527
 -0.0811357
 0.068748
 -0.0558968
 0.160268
 0.295142
 0.0729175
 -0.0612115
 -0.0170313
 0.0871315
 0.0453795
 -0.114058
 -0.113938
 0.0414675
 -0.0273667
 0.0777302
 0.152531
 0.0931243
 -0.0810342
 0.0114356
 -0.0713354
 0.0314652
 -0.0951632
 0.111545
 -0.0860895
 0.197507
 0.142708
 -0.0827218
 -0.0839547
 -0.00372929
 0.253123
 -0.16542
 0.128155
 -0.0424155
 -0.131497
 0.0664651
 -0.0481125
 0.145712
 0.0663809
 0.0108596
 0.0589318
 -0.0767599
 0.131337
 -0.0669397
 -0.0378195
 0.0146493
 -0.0244497
 0.173264
 0.0357784
 -0.160927
 0.0672162
 0.0446549
 0.0508726
 0.094419
 0.0772618
 0.0259984
 0.0611495
 -0.00901068
 -0.15871
 0.123467
 -0.143207
 0.0175216
 -0.138326
 -0.0467512
 -0.113164
 0.0101924
 -0.162007
 0.0215287
 -0.0830645
 -0.115689
 -0.0333888
 0.175908
 -0.115177
 -0.00100886
 0.0756812
 0.131649
 0.138169
 -0.0683253
 0.101781
 0.138109
 -0.0202706
 0.159493
 -0.130591
 0.0942963
 -0.0879702
 -0.141042
 0.133297
 -0.186246
 0.012301
 -0.120194
 -0.100427
 -0.0885523
 0.211035
 0.0662884
 0.0933188
 0.0553711
 -0.0667496
 0.0726238
 -0.0466289
 -0.022671
 0.0211087
 0.107796
 -0.0569042
 -0.0241995
 0.00768253
 0.112021
 0.18019
 -0.151782
 -0.114948
 -0.0183873
 -0.243303
 0.0422091
 -0.0413072
 0.117749
 0.147971
 0.183463
 -0.0769686
 -0.0336012
 -0.0294244
 -0.106308
 0.0652737
 0.0503278
 0.00533661
 0.115988
 -0.0677881
 -0.0860026
 -0.0105799
 -0.0878736
 0.109695
 -0.229212
 -0.135985
 0.128331
 -0.00584354
 -0.168553
 0.0509949
 0.054334
 0.100017
 -0.0393403
 0.0333732
 -0.118697
 -0.0341414
 -0.12589
 0.0344053
 -0.114905
 0.0380725
 -0.00135667
 -0.071838
 0.111964
 -0.179731
 0.0824706
 0.00149982
 0.0108392
 -0.0630462
 -0.093134
 -0.100721
 -0.0600947
 -0.0752545
 0.147392
 -0.127402
 0.365228
 0.118282
 -0.0889021
 0.127771
 0.0961767
 -0.0935979
 -0.150145
 0.0228378
 -0.0538868
 -0.0531857
 -0.0659353
 -0.0795549
 -0.0581154
 0.0755133
 -0.0286586
 0.0892195
 -0.0155039
 -0.0940911
 0.0423387
 0.0574485
 -0.106455
 -0.0988848
 -0.0371903
 0.285543
 0.0477226
 -0.0610067
 0.091388
 -0.019028
 -0.0262682
 0.0319181
 -0.0167646
 0.0371409
 0.153746
 -0.051424
 0.0999411
 -0.021931
 -0.0987305
 0.220086
 0.0659688
 0.102863
 -0.00434226
 0.0694985
 -0.0912003
 -0.148273
 0.0603957
 -0.155036
 -0.0705842
 -0.0223851
 0.00207477
 -0.0553151
 0.146786
 -0.0137836
 0.0283003
 -0.137323
 0.0665403
 -0.0895491
 0.0211358
 -0.164085
 0.000636944
 -0.030097
 0.18478
 0.0644035
 -0.0944368
 -0.0507377
 0.171524
 0.00796177
 0.0660664
 0.0254998
 -0.175186
 -0.0583378
 0.0400423
 0.0285022
 -0.0997933
 0.0262101
 -0.159817
 -0.0465513
 0.0385921
 -0.177184
 0.0615643
 0.164411
 -0.0591111
 0.136346
 0.0589692
 0.0692855
 -0.137596
 0.14578
 0.0340745
 -0.131333
 -0.0308116
 -0.0219044
 0.0736057
 0.135847
 0.0810968
 0.104286
 0.0692382
 -0.0327664
 -0.0504627
 0.0233833
 -0.0295341
 -0.186181
 0.0641899
 0.0174338
 0.107749
 0.0910363
 -0.0454339
 -0.186956
 -0.00772262
 -0.0222911
 0.165181
 -0.0189593
 0.0333095
 -0.0518652
 0.019846
 -0.0474858
 -0.0478844
 -0.0444078
 -0.023328
 -0.109192
 -0.233595
 -0.105966
 -0.136581
 0.0730352
 -0.0235834
 0.0161481
 -0.0759772
 0.0551091
 -0.0182834
 -0.00235866
 0.017723
 -0.0642933
 -0.0369335
 -0.0151391
 0.0981087
 0.0438467
 -0.15854
 0.0817622
 -0.138576
 0.0924252
 0.093127
 0.179129
 0.212012
 -0.0375135
 0.020075
 -0.0443878
 0.0982324
 0.105215
 0.10336
 0.0453698
 0.0852496
 0.0133264
 0.0759168
 0.0449716
 -0.147911
 0.0486132
 0.0703631
 0.0950345
 -0.116576
 -0.111093
 0.174886
 0.056763
 -0.00134822
 -0.0483645
 -0.117625
 0.0684619
 -0.0619428
 0.0518308
 -0.0233164
 -0.0426748
 -0.0445095
 0.136367
 0.106691
 -0.010442
 0.0790262
 -0.153224
 -0.0981413
 0.0858135
 -0.107585
 0.0859376
 0.109148
 -0.167948
 -0.114498
 -0.0312088
 -0.0470846
 -0.101439
 0.0933278
 0.185392
 0.191864
 -0.0780279
 -0.114529
 -0.102349
 0.0612659
 -0.153246
 0.0366479
 0.0904374
 0.169344
 -0.0928365
 0.088474
 -0.168038
 -0.117933
 0.00709763
 0.0540718
 -0.190825
 0.0667138
 -0.00906536
 0.222454
 0.128934
 0.154578
 -0.0920384
 -0.0974479
 0.0458361
 0.107565
 -0.063673
 0.192658
 0.00818857
 0.0148753
 0.0588217
 -0.0542602
 0.0760154
 0.129744
 0.114377
 -0.0242135
 -0.135072
 0.0235586
 0.0235424
 0.0291017
 0.00938338
 -0.0349978
 0.0477572
 -0.175687
 0.115463
 0.0798183
 -0.0645964
 0.0346993
 0.165868
 -0.0513555
 0.0387664
 -0.0579667
 -0.0513488
 -0.0314565
 -0.0154081
 -0.020515
 -0.0775108
 -0.0130709
 0.0498672
 -0.157611
 -0.00852818
 -0.00698323
 -0.0530287
 -0.0968571
 -0.0815216
 0.101974
 -0.0195679
 -0.137301
 -0.13343
 0.192325
 0.0448929
 0.0917866
 -0.0499472
 -0.12308
 -0.0972013
 0.110099
 -0.197739
 0.0311178
 0.178659
 0.0385002
 -0.203446
 -0.112721
 0.172281
 -0.0645161
 -0.0304221
 -0.0292443
 0.00985465
 -0.125023
 -0.125762
 -0.0348208
 -0.125278
 -0.0213676
 -0.0892725
 -0.0492444
 0.103328
 0.0692555
 -0.0196845
 0.0225631
 -0.0234689
 -0.0356506
 -0.248346
 0.166474
 -0.0425882
 0.0298664
 0.00216007
 0.0674405
 -0.0867765
 0.113403
 -0.19625
 0.0164595
 -0.0129596
 0.00399833
 0.00716687
 0.204822
 0.00977655
 0.0896761
 0.0780145
 0.041087
 0.055061
 -0.178467
 0.0109527
 0.0377779
 -0.031445
 0.24456
 -0.162652
 0.1266
 0.0842524
 0.162511
 0.191028
 -0.0177986
 -0.0176979
 0.0167151
 -0.0499743
 -0.0151397
 0.167057
 0.035999
 0.0807027
 0.223527
 -0.13514
 0.0891477
 -0.20434
 0.0512766
 -0.0552673
 0.0772623
 0.042036
 -0.0573463
 0.121759
 -0.134934
 -0.0245798
 0.0713251
 0.19792
 -0.0878448
 0.109225
 0.120913
 -0.0228788
 0.124749
 -0.0998535
 0.0455127
 -0.108572
 -0.00627478
 0.0339267
 0.0189521
 0.025714
 -0.0531758
 -0.0908394
 0.136254
 0.0550888
 0.0725763
 0.0910279
 0.105237
 0.146827
 -0.00935961
 -0.0702511
 0.0829788
 -0.0204228
 -0.156421
 0.0270683
 0.0175463
 0.0689603
 -0.106015
 -0.000942033
 0.116383
 0.0988844
 -0.0330809
 0.204664
 0.0242541
 -0.00780367
 -0.036197
 -0.144002
 -0.077172
 -0.082606
 -0.0518287
 0.109288
 0.119134
 -0.0482902
 -0.0964609
 -0.00336618
 0.0536675
 -0.0170938
 0.0596358
 -0.0275009
 -0.0535996
 0.0432535
 0.0282129
 0.0196018
 -0.0713328
 0.145106
 0.110879
 -0.173921
 0.139365
 -0.0167269
 -0.0393815
 -0.142763
 -0.0710532
 0.0797893
 -0.210404
 -0.0592762
 -0.0593968
 0.0308622
 0.0178083
 0.17544
 0.149873
 0.142026
 0.1922
 -0.134528
 0.171169
 0.0171511
 -0.165546
 -0.0395995
 0.0100057
 0.187526
 -0.00571179
 -0.115928
 -0.000161515
 0.0802586
 -0.106691
 -0.0985869
 -0.0363823
 -0.0439372
 0.0818876
 0.154369
 -0.0263368
 0.00595877
 0.0102593
 0.0145844
 0.0733638
 -0.113943
 -0.0533138
 0.0812003
 -0.0438312
 0.0847024
 0.138655
 0.00403542
 0.0710858
 -0.0494269
 -0.161948
 -0.0123725
 0.0357625
 0.0770902
 -0.0393674
 0.0569641
 -0.0388294
 -0.128102
 -0.0907397
 -0.0192815
 -0.146363
 -0.0558261
 0.101743
 0.0331142
 -0.0387959
 -0.0530976
 -0.0321842
 0.0308306
 -0.0104061
 -0.0541127
 0.0357011
 0.0415444
 -0.0328471
 0.00217489
 0.126766
 -0.00692371
 0.220079
 -0.166214
 -0.168838
 0.0678788
 0.111998
 -0.034803
 -0.114936
 -0.0480862
 -0.122648
 -0.0730753
 0.0106477
 0.0977347
 -0.0347437
 0.0723771
 0.0471211
 -0.0878217
 -0.0629582
 0.122782
 -0.0895242
 0.0305924
 -0.219899
 0.139959
 0.0712141
 -0.0710999
 0.0646181
 0.027981
 0.042574
 -0.143432
 0.0123341
 -0.0511941
 0.133813
 -0.030015
 -0.0432412
 0.0990882
 0.0779942
 -0.0483301
 0.149842
 0.0699662
 0.0342829
 -0.00616068
 -0.0074461
 -0.0177687
 0.0850543
 -0.0717399
 -0.125818
 0.00222509
 0.0381077
 -0.0214759
 0.0922447
 -0.037739
 0.00892391
 0.0489417
 0.02198
 -0.140498
 0.0905754
 -0.0264414
 0.0236568
 -0.178478
 -0.00805675
 -0.120784
 0.137116
 0.0257297
 -0.131305
 0.0371433
 -0.052159
 -0.0367669
 0.146394
 -0.239495
 -0.144184
 -0.058566
 -0.145708
 0.0265292
 0.101875
 -0.0327989
 -0.024149
 0.00556243
 -0.0476021
 -0.0445725
 -0.114285
 0.0620031
 0.0695838
 -0.0150078
 0.130571
 -0.0279526
 -0.0695276
 -0.0546248
 -0.00498192
 -0.0164094
 -0.0343315
 -0.0458742
 0.0931998
 0.0646305
 -0.0455986
 -0.0759304
 -0.0184168
 0.0526057
 0.0192895
 -0.191935
 -0.0395083
 -0.0631433
 -0.0846931
 0.0610506
 0.113888
 -0.07452
 -0.147472
 -0.0250336
 -0.103687
 -0.00786124
 0.262359
 -0.0956466
 0.0859876
 0.0215513
 0.278769
 -0.0664574
 0.183881
 -0.0318374
 -0.0518098
 0.106136
 -0.0673144
 -0.0344129
 0.0453548
 -0.135736
 0.156201
 -0.00416116
 0.0278341
 -0.180693
 -0.0799764
 -0.00225418
 -0.0232449
 -0.1074
 0.198902
 0.0993903
 -0.0800273
 0.0359792
 -0.0167522
 0.0271417
 -0.103981
 -0.0461368
 0.000981019
 0.0943048
 -0.0767185
 -0.052968
 -0.0608798
 -0.0438952
 0.000260492
 -0.0496666
 -0.0289978
 0.146277
 -0.116153
 0.0288279
 0.0612761
 -0.120366
 0.140463
 -0.00354079
 0.0704035
 -0.064843
 -0.0374088
 -0.0619841
 0.00692893
 -0.0136362
 -0.111669
 0.00872648
 0.0949432
 0.159007
 0.137125
 0.249604
 0.0635884
 0.0255313
 -0.158336
 -0.00963215
 -0.03518
 0.0356221
 0.0261388
 0.0348874
 -0.0448911
 -0.0613063
 0.0804442
 -0.164681
 -0.137116
 -0.142901
 0.102032
 -0.11307
 0.113594
 0.0140444
 -0.141465
 0.155015
 0.0789853
 -0.135796
 -0.0543637
 0.10386
 0.0835024
 -0.0194467
 -0.0993594
 0.117521
 -0.292005
 -0.0793408
 0.0379745
 0.124901
 -0.0249769
 0.0973454
 0.0804269
 -0.0905262
 0.0716885
 0.135392
 -0.10313
 0.0726067
 0.220968
 -0.00977944
 -0.0256386
 -0.131792
 -0.0836494
 -0.162826
 -0.144423
 -0.131701
 -0.179789
 0.126268
 -0.0619327
 -0.0421562
 0.1648
 -0.0507286
 0.0773833
 -0.0507977
 0.0134411
 0.0350205
 -0.0800017
 -0.0650999
 -0.0896662
 0.17631
 -0.0700152
 -0.0486508
 0.265641
 -0.030523
 -0.183066
 -0.00463455
 0.142161
 0.0556301
 0.0560221
 -0.264974
 0.0270496
 -0.20959
 0.0587078
 0.0817825
 -0.0248571
 -0.184455
 -0.00475643
 -0.164092
 -0.156509
 0.160025
 0.122068
 0.105164
 0.0373754
 0.0621193
 0.00431392
 -0.00479878
 -0.0804492
 -0.100553
 0.0463768
 0.00596532
 -0.00476065
 0.131671
 0.00907075
 -0.0411473
 0.00241337
 0.162979
 -0.0209188
 0.0920687
 0.142177
 -0.065681
 0.00801828
 -0.0256228
 -0.0140266
 0.135062
 0.0198267
 -0.0270034
 0.0890409
 0.228577
 0.110447
 0.036147
 0.150925
 -0.0556249
 0.178267
 0.0681607
 0.0967033
 -0.019274
 0.0795891
 -0.0849834
 -0.00316445
 0.144798
 0.0387584
 0.0581392
 0.043288
 -0.0964053
 -0.0763525
 -0.0102256
 0.0554461
 0.0218425
 -0.0841848
 0.0451419
 -0.0297718
 0.0362644
 -0.0333008
 -0.0521831
 -0.00799654
 0.129779
 0.105566
 -0.0841022
 0.122548
 0.0388842
 0.103299
 0.0637805
 -0.0695891
 0.0238487
 0.0279411
 -0.0541578
 -0.0879955
 0.00403885
 -0.0833127
 0.0686928
 -0.0703528
 -0.0235983
 -0.0419807
 -0.00728944
 0.00117422
 0.0641984
 -0.0761588
 0.144131
 0.0422362
 -0.0524134
 -0.145554
 0.221869
 0.000918652
 -0.0924531
 -0.0727093
 0.0571373
 0.0822488
 0.118374
 0.128939
 0.198851
 0.0385544
 -0.0429318
 0.127128
 -0.104933
 -0.0932866
 0.155948
 0.00882455
 0.102605
 0.124702
 0.136477
 -0.147734
 0.064182
 -0.118136
 -0.159721
 0.119293
 -0.212694
 0.0281935
 0.000435779
 -0.00592618
 -0.0957165
 -0.00689044
 0.0138943
 -0.0656107
 -0.096354
 0.141635
 -0.103184
 -0.144363
 0.0442474
 0.00597544
 -0.00242436
 0.0470244
 -0.155065
 -0.284705
 -0.0939933
 -0.0530968
 0.0696182
 -0.0572111
 0.0672622
 -0.235949
 -0.132522
 -0.00416025
 -0.120722
 0.00632533
 -0.0959446
 -0.00115139
 0.059283
 -0.0176864
 0.0247902
 0.037939
 -0.113841
 -0.0725253
 -0.157994
 -0.041106
 0.0712814
 -0.0584677
 0.122131
 0.0660291
 -0.0844395
 -0.0135334
 -0.125326
 -0.0795267
 -0.0503215
 0.113148
 0.0413929
 0.122765
 -0.111429
 -0.183343
 -0.142508
 0.0297855
 -0.160322
 0.0631771
 -0.00418746
 0.190494
 0.0480182
 -0.0746859
 0.0438415
 -0.176131
 -0.0635549
 -0.0779455
 0.0162878
 0.0945421
 -0.0198711
 0.0123135
 -0.194595
 -0.0185163
 0.0663701
 0.0945721
 -0.0763929
 0.0606742
 -0.0547296
 -0.0674313
 -0.0261425
 -0.0622481
 0.00186709
 -0.0805032
 0.0374578
 -0.0428348
 0.0680336
 0.138397
 0.155872
 0.0052603
 0.0929169
 0.00398219
 0.173889
 0.138594
 -0.0422141
 0.109938
 0.235502
 0.114158
 0.0245293
 -0.059725
 0.0900248
 0.0125657
 0.0875105
 -0.149685
 0.114696
 0.0369819
 -0.0200385
 -0.0264494
 -0.034572
 0.0902317
 -0.0531315
 0.131838
 0.151131
 -0.225657
 -0.0267744
 0.0184769
 -0.0832366
 -0.150847
 0.0324695
 -0.191927
 -0.0558794
 0.0126081
 -0.24099
 -0.0454286
 -0.0973196
 -0.0993621
 -0.101927
 0.241286
 0.0978829
 0.0766863
 0.0465162
 -0.0892975
 -0.0262867
 0.10128
 -0.116
 -0.253424
 0.0104818
 -0.0727761
 0.0696127
 0.0009422
 0.0739244
 0.165103
 0.0306661
 -0.0244507
 -0.229132
 -0.0177232
 -0.104173
 0.0536651
 -0.166662
 -0.0615325
 -0.176397
 0.154419
 -0.020263
 -0.146791
 -0.136987
 0.0364205
 -0.0831308
 -0.218631
 -0.054142
 -0.142611
 0.0380331
 0.0850023
 -0.0837273
 -0.189427
 0.0386544
 0.156351
 0.0659879
 -0.0207472
 0.0428549
 -0.144784
 -0.201239
 -0.249259
 -0.0590277
 -0.0847805
 -0.016871
 -0.139825
 0.0429718
 -0.106669
 0.132625
 0.0568177
 0.0648869
 0.106703
 0.107941
 0.150467
 -0.152412
 -0.00377642
 0.142932
 0.0652447
 0.059919
 -0.0774309
 0.0571074
 0.191507
 0.00334121
 -0.229864
 0.0919067
 -0.0424222
 -0.0702757
 -0.013457
 0.00488273
 -0.313529
 0.125112
 0.0623792
 -0.102796
 0.0408047
 -0.0621888
 0.0163338
 -0.140748
 0.0171334
 0.0345758
 0.148927
 -0.048144
 0.0124057
 0.087857
 0.021581
 0.0748794
 0.079273
 -0.0560389
 -0.00951793
 0.0650938
 0.00352177
 0.0341121
 -0.00669406
 -0.188957
 0.169395
 0.169128
 -0.273844
 -0.247518
 -0.0555111
 0.0267628
 -0.0514244
 -0.130059
 -0.065313
 0.0524609
 0.0846491
 0.291006
 -0.0895691
 0.0355177
 -0.0227903
 0.0333017
 -0.170111
 -0.00439777
 -0.0648946
 0.0792006
 0.00639891
 0.156208
 0.0891481
 -0.114386
 -0.0591659
 -0.0310676
 -0.0186232
 -0.0762968
 -0.0649632
 -0.0434338
 0.0237811
 -0.200645
 -0.0473538
 -0.0960646
 0.0310563
 -0.0689935
 -0.0838869
 0.0514578
 0.0208799
 -0.0273503
 -0.144964
 -0.12914
 0.0821903
 -0.0966283
 0.00937506
 0.088735
 -0.124538
 -0.0871646
 0.00456622
 0.360106
 0.195829
 -0.0977707
 0.0571633
 -0.0756086
 0.00676366
 0.0222204
 0.0315098
 -0.0954879
 0.225473
 -0.0598915
 0.111005
 0.0743124
 -0.110719
 -0.0180848
 -0.112233
 -0.115467
 0.0455987
 0.10294
 -0.0403173
 0.0854795
 0.0433899
 -0.106383
 -0.239855
 0.0393884
 0.110367
 0.0528616
 -0.16081
 -0.146221
 0.00282614
 0.0663898
 -0.00312635
 -0.0248225
 0.00421288
 0.0941977
 0.104724
 0.15887
 0.0136539
 -0.0834323
 0.117425
 0.138795
 0.07971
 -0.0323158
 0.0111252
 0.0317906
 0.121153
 -0.0650423
 0.0281735
 -0.121881
 0.0613065
 0.0722538
 0.0569604
 0.00600793
 -0.0645939
 -0.0792112
 -0.115224
 0.0353966
 -0.00325655
 0.181917
 -0.0642488
 -0.00456536
 0.0912977
 -0.0370353
 0.0937207
 -0.0358341
 -0.167307
 0.132423
 -0.026794
 0.0218905
 0.0386228
 -0.171969
 0.038115
 0.0380241
 -0.0420945
 -0.0286661
 0.203716
 0.0372107
 -0.0515594
 0.106758
 -0.14198
 0.155719
 -0.00579168
 -0.196452
 -0.128342
 0.0525651
 0.00228303
 0.0748413
 -0.102547
 -0.0820002
 -0.130479
 0.108259
 -0.0942932
 -0.00518701
 0.0561203
 0.0627201
 -0.00408922
 -0.0817646
 -0.188535
 0.094066
 0.148685
 -0.0612606
 0.0548857
 0.023713
 -0.103334
 -0.109563
 -0.0780002
 -0.00897408
 -0.0604915
 -0.0210356
 0.0404381
 0.119962
 0.0875601
 0.00251702
 0.00722657
 -0.0650893
 -0.0725723
 0.109379
 0.0626251
 0.172214
 -0.119289
 -0.169945
 0.0894563
 0.0676766
 -0.128661
 -0.100182
 0.0499899
 0.0374367
 -0.134936
 0.0901315
 -0.129911
 -0.110463
 -0.0220824
 0.0459715
 -0.0180799
 -0.139543
 -0.106464
 0.0689797
 -0.00891962
 0.0728551
 0.00379651
 -0.0320416
 0.0553467
 -0.0622213
 0.0370848
 0.143232
 -0.125024
 0.103266
 -0.0118691
 0.0606851
 -0.158461
 -0.0163838
 0.0066418
 0.110657
 -0.156239
 -0.0503788
 -0.0708218
 -0.191954
 -0.145972
 -0.229237
 -0.0239863
 0.126413
 0.0691659
 0.122099
 -0.0702771
 -0.0295159
 0.112464
 -0.134486
 0.163098
 -0.119351
 0.016772
 0.139092
 0.00155639
 -0.024533
 0.036249
 0.0565946
 -0.00492778
 0.140286
 0.0982305
 0.125082
 -0.0131419
 0.129579
 0.191086
 -0.10202
 -0.0772853
 -0.302873
 -0.178877
 0.0491885
 -0.0306465
 -0.111605
 0.0847175
 0.0254169
 0.00673782
 -0.110753
 0.147487
 -0.0375029
 -0.0816285
 0.0704837
 -0.245371
 0.119577
 0.139472
 -0.203373
 -0.223613
 -0.0941894
 0.138005
 -0.0535306
 0.0431048
 0.0610023
 0.275167
 0.072691
 -0.134019
 -0.318931
 0.0299021
 0.00757084
 -0.124615
 -0.167729
 -0.0637603
 0.0282157
 -0.0886111
 0.0320494
 -0.0405989
 -0.0951722
 -0.055513
 0.0449979
 -0.0821775
 0.0841625
 -0.207065
 -0.0469309
 -0.149725
 0.0754633
 -0.0517056
 0.0428603
 -0.0782047
 -0.237413
 -0.245525
 0.116287
 -0.0315276
 0.159496
 0.0886019
 0.074508
 -0.104283
 0.00675412
 0.192979
 -0.0533678
 0.0203125
 -0.069143
 -0.0504444
 0.0143635
 0.106434
 -0.123919
 0.0238959
 -0.0499075
 -0.20081
 -0.0587663
 0.00481722
 -0.111117
 0.0444967
 0.0218934
 -0.00669881
 -0.00873467
 -0.00810531
 -0.146265
 0.0190708
 -0.114918
 0.00969127
 -0.0643166
 -0.191786
 0.073086
 -0.107256
 0.102756
 0.142107
 0.136271
 -0.0477988
 -0.0265854
 -0.0408009
 0.105379
 0.180024
 -0.00282278
 -0.0701366
 -0.046566
 -0.109074
 -0.0929437
 0.0459264
 -0.136101
 0.212985
 0.120758
 -0.169805
 0.0983627
 0.0533102
 -0.0112713
 -0.0926843
 -0.0955311
 0.0975978
 -0.0177238
 -0.0138996
 -0.127772
 -0.0548704
 -0.0449347
 -0.0233798
 0.0424539
 0.109434
 -0.0953777
 -0.046008
 -0.170895
 0.121513
 0.00136001
 -0.0639192
 -0.306835
 -0.155825
 -0.149142
 0.097724
 0.0488509
 0.0663494
 -0.0759988
 0.0678551
 -0.132822
 0.00638377
 0.0826558
 0.00344528
 0.0490736
 -0.0241734
 -0.0563338
 -0.203021
 -0.116473
 0.156273
 -0.00773316
 0.00719461
 -0.0786791
 -0.182461
 -0.0929356
 -0.013437
 -0.00148964
 -0.0138296
 0.0314006
 -0.0882434
 0.132522
 -0.095103
 -0.100441
 -0.126608
 -0.0441661
 -0.0602859
 0.00626543
 0.0995545
 -0.138675
 0.121271
 -0.159075
 -0.0834955
 -0.144198
 0.0160949
 -0.0249071
 0.0607267
 0.0404712
 0.0639829
 -0.0371038
 0.0386391
 0.0213607
 0.268911
 -0.0248948
 -0.0243615
 -0.124203
 -0.0701948
 0.115119
 -0.116529
 0.0522382
 0.112194
 -0.0325542
 -0.0524831
 -0.0671877
 0.0137156
 0.0578746
 -0.0590625
 -0.098919
 -0.030069
 -0.0476375
 -0.0930765
 0.193149
 0.05164
 0.0593049
 0.0768222
 -0.10131
 0.0467725
 -0.108353
 -0.122444
 0.06298
 -0.0787717
 -0.00781401
 0.269036
 0.00548236
 -0.096299
 0.135157
 -0.0700728
 0.0697725
 0.0492918
 0.0210951
 0.0514037
 -0.013281
 0.0677515
 0.140532
 -0.104103
 0.187441
 -0.0411972
 -0.0248376
 -0.0364215
 -0.105345
 0.0404173
 0.0284417
 -0.0622829
 0.213961
 0.041377
 0.0588049
 0.049895
 0.014524
 0.00640283
 -0.12264
 -0.0642926
 -0.0942978
 -0.17498
 0.0928699
 -0.134502
 0.291943
 0.168717
 -0.0758462
 0.00269315
 -0.160874
 0.028219
 -0.0416827
 -0.0358401
 0.0938969
 0.0229904
 0.0307581
 0.00255894
 -0.150934
 -0.0517428
 0.060847
 -0.159354
 -0.00617585
 -0.0519406
 0.0273948
 0.00278369
 0.0852843
 -0.131464
 -0.0514463
 -0.043423
 -0.0411843
 0.0920906
 0.145253
 0.126949
 -0.0448696
 0.0428919
 -0.0212374
 0.112029
 0.172319
 -0.136393
 0.0944798
 -0.0219719
 -0.159002
 -0.0136896
 0.0857881
 -0.0918935
 0.0232125
 0.0777234
 -0.104155
 -0.225022
 -0.0245536
 -0.067754
 0.0594247
 -0.130027
 0.029914
 0.0828893
 0.0283348
 0.0845923
 -0.0868859
 -0.0565902
 -0.0601245
 -0.106403
 0.0470926
 0.257237
 0.205045
 0.092827
 0.080177
 -0.0767848
 0.0415768
 0.0425559
 0.187603
 -0.133736
 0.0625574
 -0.0223706
 0.042657
 0.0391208
 0.16378
 -0.00113982
 -0.155352
 0.115372
 0.0632012
 -0.0360841
 0.0790233
 0.0408748
 -0.0825911
 -0.0186407
 0.0567603
 0.182188
 0.0459541
 -0.128049
 0.0447914
 0.0747357
 -0.00345679
 0.0103836
 -0.00494589
 0.100714
 0.0540725
 -0.0304359
 0.132844
 0.143469
 -0.139982
 -0.0476177
 -0.195141
 0.0271703
 0.0384107
 0.105609
 0.103133
 0.0373996
 0.145094
 -0.0879658
 0.00333996
 0.034088
 -0.130178
 -0.042574
 -0.081777
 -0.014907
 0.188458
 -0.0684949
 0.0700303
 -0.0993502
 0.159768
 -0.174881
 0.0240317
 -0.0417202
 0.138228
 -0.0169072
 -0.0635237
 -0.0196626
 0.0501886
 0.031125
 0.116798
 0.0304268
 -0.0109985
 0.0930023
 -0.0117736
 -0.0357906
 -0.0046081
 0.0152162
 -0.0598837
 0.0917918
 0.0220029
 0.14794
 -0.268891
 -0.142508
 0.226687
 0.143086
 0.0192705
 0.0292705
 0.222589
 -0.204699
 0.0962787
 -0.0541964
 0.0155566
 -0.00358048
 0.151177
 -0.0426154
 -0.0309401
 -0.0607294
 -0.125185
 -0.0600764
 0.0378744
 0.0353526
 0.0459635
 -0.0892934
 0.120389
 0.0644759
 -0.0593939
 -0.107351
 0.0547434
 -0.0435773
 -0.0437331
 -0.151203
 0.185081
 0.034512
 -0.00543341
 0.0400456
 0.173665
 -0.068176
 -0.148979
 -0.155421
 -0.0141521
 0.0270641
 0.0955396
 -0.0564582
 -0.177473
 -0.0776365
 0.088315
 -0.0959787
 0.0575361
 0.00029771
 0.11122
 -0.114625
 0.0444186
 -0.0526894
 -0.0649527
 -0.151751
 -0.0607781
 0.12706
 -0.0343044
 0.00480804
 0.0055768
 0.0806626
 0.091797
 0.162443
 -0.285393
 0.0477734
 -0.141314
 -0.17064
 -0.166535
 -0.0509099
 0.018356
 0.0285978
 -0.110203
 -0.0829148
 0.147018
 -0.0205119
 -0.081776
 0.0560354
 0.0426668
 -0.0222581
 -0.0547456
 -0.00995736
 -0.0882573
 0.0102691
 0.0496638
 -0.133731
 0.0748336
 -0.111897
 0.0806181
 -0.0498613
 -0.0438977
 0.123925
 -0.029582
 -0.133243
 -0.127331
 -0.0258497
 0.0495119
 0.0774
 -0.133061
 0.0369562
 -0.0277456
 -0.140149
 0.124404
 0.0409354
 0.0547493
 0.165608
 0.0990707
 -0.0103433
 -0.0433915
 0.0852893
 0.0424013
 -0.0163981
 0.204321
 -0.0158044
 -0.170051
 0.0433437
 0.0509016
 0.022459
 0.0815949
 -0.0361149
 -0.00928151
 -0.139643
 -0.0497605
 -0.0153049
 0.0382038
 -0.0302121
 -0.12407
 0.0129615
 0.0301428
 -0.0879255
 -0.00450653
 -0.123038
 -0.171505
 -0.000494258
 -0.03974
 0.0975819
 -0.0437477
 0.0296091
 -0.0489479
 -0.116344
 0.026935
 -0.215334
 0.107229
 0.00980784
 -0.173274
 -0.0426191
 -0.0626328
 -0.0837573
 -0.088617
 -0.0666893
 -0.149441
 -0.0645272
 -0.0131532
 0.153521
 0.0399931
 0.0677712
 -0.277827
 0.0433075
 -0.227581
 0.084355
 -0.0517674
 0.189459
 0.0480599
 0.0747946
 -0.054915
 -0.115012
 0.0484307
 0.00803077
 0.0550749
 0.00344714
 -0.11972
 0.194369
 -0.100537
 0.0832411
 -0.0833044
 0.0807443
 0.00694618
 -0.0424532
 0.125417
 -0.0807555
 0.107277
 0.131414
 -0.2803
 -0.182309
 -0.0674693
 0.0755307
 -0.000375663
 -0.157184
 -0.14913
 -0.0989018
 -0.135464
 0.0154581
 -0.0836218
 -0.00579855
 -0.0604375
 0.041661
 0.0408701
 -0.0809342
 -0.062764
 0.100032
 -0.0915527
 0.0507071
 0.0174242
 -0.138497
 -0.00731366
 0.0410824
 0.0314558
 -0.0632583
 0.0548238
 0.0874759
 -0.0519975
 0.133534
 -0.156987
 0.0513896
 -0.0608363
 -0.10571
 -0.0125897
 -0.0897718
 -0.00849034
 0.0444193
 -0.00586498
 -0.124647
 -0.0432137
 -0.121129
 0.00727583
 -0.0724004
 0.0941197
 -0.0874318
 0.165296
 0.056094
 0.108861
 -0.0746929
 -0.119641
 -0.0192201
 -0.0626239
 -0.0720189
 -0.0556956
 -0.0151981
 -0.0477808
 0.155628
 -0.14387
 0.0698836
 0.130055
 0.0030696
 0.124492
 -0.144068
 0.0508896
 0.162866
 0.112791
 -0.0715082
 0.0579959
 0.0767941
 0.120303
 -0.0686164
 0.162084
 0.0546616
 -0.125825
 -0.0353354
 -0.015612
 0.173695
 -0.0304727
 -0.022089
 -0.00188448
 0.0361774
 -0.0211939
 0.0115132
 -0.321128
 0.016566
 -0.107522
 -0.0813634
 0.0253866
 0.0241649
 0.00255721
 0.0520949
 -0.0952444
 -0.0795462
 -0.114342
 -0.0970188
 0.0860114
 0.157607
 -0.0861473
 0.0582959
 -0.0183597
 0.141525
 0.01296
 0.00265923
 -0.274886
 0.0988672
 0.109759
 -0.0205896
 -0.0778899
 -0.107796
 0.0504981
 -0.0895246
 0.188183
 0.0635009
 0.191041
 0.00423666
 0.00999569
 -0.0146913
 -0.115969
 -0.245944
 0.00286375
 -0.0237601
 0.0320664
 -0.031568
 -0.0616879
 -0.00345155
 0.0215107
 -0.0690361
 -0.0256768
 0.01281
 0.0470592
 0.212052
 0.0306237
 0.0668191
 -0.114385
 -0.224717
 0.0384753
 -0.0604152
 -0.204838
 -0.0919372
 -0.0123722
 -0.019332
 -0.0336953
 -0.0209109
 -0.15531
 -0.117761
 0.028705
 0.117492
 -0.130675
 -0.145123
 0.0623943
 0.0089754
 -0.139219
 0.014798
 -0.127914
 -0.0851412
 0.213443
 0.106363
 -0.0213077
 -0.0791101
 -0.0518682
 -0.137305
 0.0708297
 0.037744
 -0.0764086
 0.0255996
 -0.0289404
 -0.0328845
 0.0050136
 0.0553003
 -0.0158998
 -0.147059
 -0.0807504
 0.0963138
 -0.0516676
 -0.00341543
 -0.11433
 -0.156808
 -0.0941296
 0.214924
 -0.0752429
 -0.0382527
 0.111648
 0.0905051
 -0.0603241
 -0.0320028
 -0.0243308
 0.0223726
 0.0620166
 0.069798
 -0.0968211
 -0.209713
 0.0392039
 -0.0290197
 0.157786
 -0.0475584
 -0.00884221
 0.00585806
 -0.0477752
 -0.0312079
 0.12656
 0.031086
 -0.0353476
 0.0261609
 0.114412
 0.0659653
 0.0561634
 -0.00840164
 -0.092155
 0.134609
 0.129646
 -0.0487069
 -0.0216794
 0.0538645
 -0.0280613
 0.010428
 0.128108
 0.0342807
 0.0389219
 -0.122502
 0.0324677
 -0.118224
 -0.124247
 0.00326249
 -0.157766
 -0.0104284
 -0.0365132
 -0.0521721
 0.160659
 -0.109718
 -0.113974
 -0.152382
 -0.00640023
 -0.00386907
 0.0783247
 0.0343081
 -0.117324
 -0.124022
 0.0132856
 0.071105
 -0.0353073
 -0.0652789
 -0.144541
 0.114809
 -0.103241
 -0.0535113
 -0.181769
 -0.0185826
 -0.0599906
 -0.0375663
 -0.0465811
 0.10005
 0.0657214
 -0.108322
 0.0658268
 0.0339415
 -0.0113202
 -0.0937952
 0.058202
 0.122195
 -0.0188585
 0.264503
 0.215358
 -0.114493
 0.149084
 0.102553
 0.231951
 -0.0287541
 0.0131027
 0.0130746
 0.0281423
 -0.0298305
 -0.0373997
 -0.0287495
 -0.0147347
 -0.0942857
 0.124571
 -0.0620619
 -0.00639344
 -0.0919461
 0.065122
 -0.0486624
 -0.102512
 0.0519488
 0.0895695
 0.146147
 -0.053869
 0.211704
 -0.0479897
 0.197971
 -0.0813882
 -0.00582739
 -0.154151
 0.0509814
 -0.0522137
 0.0596048
 -0.0393761
 0.0212089
 -0.0420654
 0.00268178
 0.102007
 -0.00212096
 0.0805622
 -0.280001
 0.107287
 -0.132424
 -0.00134912
 -0.0668954
 0.0495198
 0.064285
 -0.0698061
 0.0220275
 -0.0634003
 -0.0550624
 -0.00457841
 0.0864902
 0.0149996
