 -0.0575941
 -0.926566
 0.0985237
 -0.0634216
 -0.0911601
 -0.0323725
 0.270928
 -0.25657
 0.224837
 -0.0854073
 -0.291433
 0.0510353
 -0.114738
 0.0803267
 0.0512411
 0.187886
 -0.159741
 0.0115191
 0.0381782
 -0.266006
 0.200738
 -0.258172
 0.15538
 -0.0830109
 -0.14812
 -0.0875127
 0.152948
 0.0591398
 0.0682585
 -0.143489
 0.00393088
 -0.101198
 -0.169098
 0.0608906
 0.0905827
 -0.056237
 0.00455393
 -0.0473997
 -0.0404915
 0.0913844
 0.049797
 -0.280532
 0.0947467
 -0.00125827
 -0.016205
 0.049669
 0.15352
 -0.0616467
 0.0717663
 -0.261082
 -0.131212
 0.0336944
 0.097441
 -0.255889
 0.210037
 0.157962
 -0.066122
 -0.0740344
 -0.0582876
 -0.270673
 0.101191
 0.120799
 0.151923
 -0.1227
 -0.0158089
 0.0329041
 0.100883
 0.080496
 0.082764
 -0.228233
 0.0161127
 0.0473296
 0.177871
 0.0757757
 -0.138472
 -0.0935661
 0.0978276
 0.11066
 -0.00986484
 -0.0787664
 0.0414437
 -0.00113187
 -0.0642166
 0.18284
 -0.148247
 -0.0086779
 0.0315442
 0.0296352
 0.0901873
 0.00369031
 0.179361
 -0.121274
 0.0293
 0.148008
 0.0474968
 -0.0319621
 0.00276682
 -0.0999763
 -0.0320661
 0.112623
 -0.0109395
 0.0923793
 -0.0221022
 -0.00979569
 0.0923841
 0.163819
 -0.0732521
 -0.11518
 0.242272
 0.053825
 -0.031598
 0.0362811
 -0.178116
 0.0819291
 -0.164554
 0.156722
 -0.196677
 -0.165925
 0.264339
 -0.0998942
 0.246062
 -0.00140094
 -0.125902
 0.235636
 -0.471908
 0.079289
 0.100438
 -0.0986023
 0.155657
 0.193715
 0.0231773
 0.0874867
 -0.0974821
 -0.0107349
 0.0365275
 0.185082
 -0.0987752
 0.166188
 -0.0964982
 0.115802
 -0.0825026
 0.00152946
 0.0932379
 0.0372934
 0.0797113
 -0.177655
 0.181228
 0.0518443
 0.22874
 0.106943
 0.0322371
 -0.113147
 0.0381068
 -0.00182414
 0.00303974
 0.137456
 -0.100187
 0.0901345
 0.00243562
 0.10645
 0.0136819
 -0.148998
 -0.135632
 0.130649
 -0.381976
 0.310541
 0.0204425
 0.111129
 -0.0263942
 -0.0967061
 0.137116
 -0.240831
 0.0963504
 -0.350183
 0.188051
 -0.0796228
 -0.0814227
 0.0796043
 0.0474349
 0.0358289
 -0.133306
 -0.0357387
 0.0223985
 0.0144396
 0.0447649
 0.216776
 -0.0754813
 -0.0313387
 0.0799689
 -0.0396375
 -0.103422
 -0.0447164
 0.125696
 -0.119542
 -0.0987965
 0.104372
 0.0698722
 -0.0649223
 -0.12484
 0.100242
 0.0724593
 -0.15979
 -0.0210673
 0.0877561
 -0.0784199
 -0.194522
 -0.109031
 0.180263
 -0.0999671
 0.0660398
 -0.168448
 0.0481327
 -0.0703273
 0.00149561
 -0.00435899
 -0.0248384
 0.111637
 0.173965
 -0.296261
 0.143677
 0.0928949
 -0.114721
 -0.159108
 0.0578723
 0.0326231
 -0.0496278
 0.00587146
 0.00607072
 -0.130194
 0.0713027
 0.0357283
 0.0849845
 -0.0563387
 0.0490944
 0.0262308
 -0.0220042
 -0.20014
 0.114109
 0.146994
 -0.0401703
 -0.196326
 0.0158493
 0.0699146
 -0.216024
 -0.152074
 0.102072
 -0.0336217
 0.263781
 -0.0610995
 0.0536097
 0.0122022
 -0.278142
 -0.117381
 0.00905864
 0.111311
 -0.114474
 0.00139534
 0.136942
 0.00249921
 -0.106127
 0.0894306
 -0.0420964
 0.102884
 -0.0493694
 -0.189381
 -0.0407061
 -0.10262
 0.254179
 -0.0226017
 -0.189979
 0.342524
 -0.187267
 0.0782279
 -0.141146
 0.0441379
 0.0146884
 0.13433
 -0.146544
 -0.0230755
 0.0256231
 0.00983823
 -0.0775412
 0.0921164
 0.110103
 0.0379869
 0.100561
 -0.108978
 -0.0159971
 0.178101
 0.0216235
 -0.123586
 0.049959
 0.0562391
 0.207637
 0.295754
 0.242734
 -0.10038
 0.417283
 0.0672932
 0.0685226
 0.257513
 -0.121188
 0.0029685
 -0.301666
 0.287827
 -0.157188
 0.154531
 0.0491565
 -0.00244194
 0.0716467
 0.16402
 -0.04838
 -0.155692
 0.0505704
 -0.129638
 0.228821
 0.0169919
 0.0133816
 -0.217432
 0.0243885
 -0.0975427
 -0.0362017
 -0.0190268
 -0.201701
 0.13601
 -0.0141809
 0.116276
 -0.0506917
 -0.00839897
 -0.0592377
 -0.125053
 0.0563173
 -0.237001
 0.214662
 -0.100349
 0.123719
 0.00316007
 0.0778841
 -0.000276173
 -0.0371967
 0.141526
 0.164567
 0.102425
 -0.19309
 0.192076
 -0.112514
 -0.0963915
 0.115998
 0.148632
 0.0726604
 0.0860314
 -0.131938
 -0.0867124
 -0.0325806
 0.0189762
 0.110889
 -0.0877358
 0.141372
 -0.0408934
 0.335417
 -0.0243826
 0.102824
 0.210628
 -0.0119366
 -0.00587191
 -0.0430836
 -0.172231
 -0.21761
 0.166455
 0.0510089
 -0.111528
 -0.141253
 0.0606748
 0.0469305
 0.0936917
 -0.183971
 0.143204
 -0.181253
 0.225629
 0.0715624
 -0.0260574
 0.160545
 -0.180999
 0.0147695
 -0.157362
 0.252051
 -0.125286
 0.00204348
 0.090993
 -0.0376101
 0.103546
 -0.110977
 0.0542394
 0.113709
 -0.0872804
 -0.214972
 0.0436168
 0.00115891
 0.0313356
 -0.137072
 -0.0283521
 0.216791
 -0.25182
 0.136257
 0.185916
 -0.12291
 -0.0120816
 -0.0457625
 -0.243115
 0.0161719
 -0.0693116
 -0.101939
 0.020523
 -0.00190834
 0.16155
 -0.0219248
 -0.0277177
 0.193376
 -0.0443556
 0.241406
 -0.15571
 0.165943
 -0.0176758
 -0.0555782
 0.0803963
 -0.100022
 0.1296
 0.0411733
 -0.033168
 0.0826039
 -0.0219862
 -0.077425
 0.16385
 0.0332571
 -0.0372229
 -0.0125031
 0.065198
 0.0809838
 -0.150208
 0.0206895
 0.0775634
 0.0940429
 0.0969572
 0.253114
 -0.0854471
 0.0322677
 -0.230428
 -0.0812416
 0.132585
 0.0519071
 -0.121474
 0.0453089
 -0.00615393
 -0.0974425
 0.0749413
 0.0185171
 -0.0631196
 0.166788
 0.0760559
 0.0946236
 -0.140056
 -0.0939158
 0.216852
 -0.09616
 0.129586
 0.0975263
 -0.0599706
 0.00229547
 -0.0151508
 0.202326
 -0.079349
 0.170013
 -0.10614
 0.0700068
 -0.157443
 0.108826
 -0.145039
 -0.0980127
 0.0517166
 0.0277737
 -0.0848463
 -0.0745102
 -0.0340305
 -0.0212756
 -0.0627957
 0.112792
 -0.213092
 0.0625049
 -0.141677
 0.374284
 -0.0628259
 0.333309
 -0.158485
 0.367107
 0.237168
 0.340345
 0.0739975
 -0.037992
 -0.091379
 -0.127486
 0.113619
 -0.0822506
 0.0199104
 -0.172516
 -0.0793219
 0.0158378
 -0.0116166
 -0.0670842
 0.146051
 -0.0651993
 0.138682
 0.0191358
 0.163595
 0.332142
 -0.180769
 0.0568097
 -0.0264058
 0.00528813
 0.385463
 -0.229305
 -0.0402252
 -0.134872
 0.00738526
 -0.0383184
 -0.0514059
 0.209554
 -0.23434
 -0.0678239
 -0.0351014
 0.0146998
 0.0289716
 -0.159305
 -0.175018
 0.065347
 -0.0335613
 0.0554273
 -0.0663747
 0.27583
 -0.128706
 -0.188037
 0.0315585
 -0.0697937
 -0.0776481
 -0.0395867
 0.211481
 0.151303
 -0.0171482
 -0.104267
 -0.100389
 -0.0263686
 0.0539693
 0.152582
 -0.0365923
 -0.0530688
 -0.147237
 0.117133
 0.121401
 -0.0655724
 0.173595
 -0.0563792
 0.1408
 -0.0126202
 -0.00828654
 0.120536
 -0.0521932
 -0.265446
 0.106594
 0.338982
 -0.207568
 0.131613
 0.104551
 -0.101358
 0.162232
 0.189406
 -0.148794
 -0.0373636
 0.186301
 0.0240681
 0.0354983
 -0.221126
 0.127696
 -0.161868
 0.0583828
 -0.084813
 0.00760213
 -0.0202056
 0.200064
 -0.210317
 0.104858
 -0.0499655
 0.0521978
 -0.0876423
 -0.102139
 0.007286
 0.187027
 -0.22566
 0.106766
 0.127708
 -0.0191276
 -0.0811829
 0.0701308
 0.144586
 0.119482
 -0.0974662
 0.0874677
 0.0333061
 -0.10445
 -0.0181021
 0.0445512
 -0.0779289
 -0.156999
 0.1853
 -0.244572
 -0.128722
 0.152187
 -0.474762
 -0.0273315
 -0.275187
 0.243707
 -0.222762
 0.221222
 -0.162262
 0.064451
 0.0802598
 0.0428299
 -0.0300241
 -0.0731148
 -0.0645882
 0.0557378
 -0.0897241
 0.152502
 -0.205247
 0.0332638
 0.132581
 -0.127806
 0.064241
 0.0697937
 0.0792073
 -0.0503249
 -0.117398
 0.000645932
 -0.130224
 0.038238
 0.0134142
 0.174256
 0.0154831
 -0.00908381
 -0.0517094
 -0.105177
 0.164349
 0.0508543
 -0.0888325
 0.191301
 -0.251299
 0.256731
 -0.153326
 0.24452
 -0.195648
 0.0561713
 0.147086
 -0.0808351
 0.068932
 -0.0824567
 0.156571
 -0.0177255
 -0.048316
 -0.0661874
 0.106692
 -0.0248371
 -0.116857
 0.166055
 0.0677918
 -0.153105
 0.00163726
 -0.0387343
 0.0939687
 -0.0615634
 0.0224588
 0.0580927
 0.0342025
 -0.111978
 0.00200811
 -0.305852
 0.0373999
 0.294507
 0.0340719
 0.025365
 0.0155032
 -0.109167
 0.0113727
 0.0353432
 0.0670008
 -0.105472
 -0.127878
 -0.145493
 0.115608
 -0.15918
 -0.0300341
 -0.00766992
 0.0553307
 0.144967
 -0.0528964
 -0.025035
 -0.0313947
 -0.0158595
 -0.056255
 -0.0591297
 -0.142654
 0.160575
 -0.053087
 -0.0502304
 0.153353
 -0.179815
 -0.248213
 -0.0037538
 -0.675321
 -0.0531506
 0.0998069
 -0.0485278
 0.188766
 -0.0720297
 -0.109551
 0.0610766
 0.0145623
 0.179142
 -0.0528365
 -0.0552369
 0.0500327
 0.0212926
 -0.0533163
 -0.144612
 0.101392
 -0.0116351
 -0.0663068
 0.0859712
 -0.0529486
 0.0885203
 0.0498269
 0.146242
 -0.00205446
 0.12161
 -0.0454381
 -0.0561822
 0.257151
 -0.0841947
 0.0397107
 -0.0222598
 -0.212871
 0.00166474
 0.0916521
 -0.10257
 -0.01957
 -0.234326
 0.0597168
 -0.131427
 -0.0916163
 0.126428
 -0.273783
 0.213884
 0.123177
 -0.0727863
 -0.0229318
 -0.0773398
 0.133114
 -0.103654
 -0.010002
 0.0178579
 -0.164266
 0.154264
 0.115059
 0.00528859
 -0.0686837
 0.139345
 0.0341293
 -0.192245
 0.0677032
 0.149886
 0.0354536
 -0.373543
 0.0664698
 0.0244392
 0.00986297
 -0.0375938
 -0.0512203
 -0.029649
 0.255919
 -0.122375
 0.050016
 0.0785986
 -0.137304
 -0.0896254
 0.318639
 0.0303371
 -0.102897
 -0.0221938
 0.21282
 0.19515
 -0.141232
 0.0750655
 -0.0583168
 -0.14998
 0.284509
 -0.404642
 -0.0180301
 -0.0242261
 -0.0843761
 0.272502
 -0.20673
 0.238161
 -0.0785354
 -0.00713798
 -0.120773
 -0.0458665
 0.11137
 -0.0428869
 -0.0404003
 0.0490692
 -0.196608
 0.272376
 0.164591
 -0.0232239
 -0.0951349
 -0.0329208
 0.125302
 -0.0709714
 0.0199596
 -0.10482
 0.215888
 -0.02134
 -0.256125
 -0.101428
 0.216317
 0.0290278
 0.0168803
 -0.108963
 0.150672
 -0.389659
 0.110098
 -0.0970695
 0.0342388
 -0.14408
 -0.150738
 0.0493868
 0.0400654
 -0.343272
 0.220898
 -0.085289
 -0.0976256
 0.0538504
 -0.0826989
 -0.205322
 0.0422638
 -0.0197209
 0.227635
 -0.0200814
 0.160927
 -0.101647
 0.0780039
 -0.0297853
 -0.126662
 0.274859
 -0.162769
 0.383911
 -0.112727
 -0.115028
 -0.000347184
 0.0580956
 -0.0798531
 0.237978
 -0.0468345
 -0.0949744
 0.14509
 -0.0612539
 0.169048
 -0.0146213
 0.0399394
 -0.0661841
 0.0632348
 -0.158371
 0.212945
 -0.0455268
 0.0415664
 -0.0635457
 -0.107484
 0.0684736
 -0.0337937
 -0.255733
 0.362024
 0.0198927
 0.112156
 -0.0737663
 0.0661567
 -0.0574782
 0.0450015
 0.0821689
 0.000104467
 -0.154989
 0.16053
 -0.101616
 -0.232378
 0.0886056
 -0.0835297
 -0.194384
 0.163679
 0.00583724
 -0.154402
 -0.00695568
 0.163598
 0.0826362
 -0.0143767
 -0.17122
 0.0443003
 -0.0528185
 0.108916
 -0.0396389
 -0.080865
 -0.012588
 -0.0346646
 -0.231034
 -0.0155397
 0.15286
 -0.0740274
 -0.028496
 0.0874838
 -0.16754
 -0.0309282
 -0.518314
 0.311519
 -0.108917
 -0.0501448
 0.0742507
 0.190712
 -0.0463175
 0.0878837
 0.00460212
 0.150866
 0.0688322
 -0.180809
 0.148271
 -0.213216
 0.102736
 0.00402327
 -0.0151549
 0.0812032
 0.216258
 -0.0826578
 -0.102381
 0.0966211
 -0.207812
 0.0490967
 0.156686
 0.0886127
 -0.0796506
 -0.00423152
 0.0837723
 0.0651295
 -0.0456651
 0.101237
 -0.0295796
 0.10855
 0.0663686
 -0.0187285
 -0.212929
 0.195236
 0.0531665
 -0.277928
 0.054792
 -0.0834666
 0.127711
 -0.14409
 -0.00936542
 0.126565
 0.14622
 -0.0742393
 -0.0185153
 0.11499
 -0.0200023
 0.053232
 0.000937905
 -0.0568692
 0.0731495
 -0.107986
 0.0671328
 -0.0731937
 0.0495951
 -0.0379408
 0.0928933
 0.0378976
 0.0453943
 0.0215213
 0.102066
 0.0586922
 -0.16513
 0.15051
 -0.0651897
 0.217857
 -0.0277748
 -0.0638616
 0.00446583
 -0.017833
 0.0404931
 -0.0357599
 -0.017884
 0.300395
 -0.128697
 0.133573
 0.125644
 0.205134
 -0.0890597
 0.109509
 -0.182887
 -0.0805849
 -0.139633
 0.00725312
 -0.00594968
 0.0567405
 -0.0669453
 -0.0735365
 0.14472
 -0.0208261
 -0.138758
 0.22683
 0.0100251
 -0.0413738
 0.115009
 0.0723927
 0.0138872
 -0.108611
 0.014162
 0.127677
 -0.0580665
 0.0564444
 -0.108179
 -0.151137
 0.123902
 0.0127688
 0.130874
 0.131357
 -0.122392
 0.166704
 -0.0730368
 0.0413554
 -0.221019
 -0.0215904
 -0.0784425
 0.154722
 -0.175558
 -0.0434863
 0.12655
 0.0243738
 0.0740623
 0.232438
 -0.174404
 -0.0473663
 -0.0172371
 0.101189
 0.0306782
 0.176234
 -0.0734365
 -0.161553
 0.210349
 0.121199
 0.0188756
 -0.0178961
 0.0563236
 -0.0327524
 -0.0555088
 -0.130673
 0.179868
 -0.0195181
 -0.00780857
 -0.119943
 0.170714
 -0.00198457
 -0.191457
 0.138522
 0.0663777
 -0.130734
 -0.154871
 -0.247739
 -0.190015
 0.0540903
 0.0406906
 0.0579554
 0.0541877
 0.0055008
 0.178145
 0.0986467
 -0.13118
 0.0462722
 0.141336
 -0.0783873
 -0.0210568
 -0.0107421
 -0.00912715
 -0.153388
 0.0231605
 -0.0590114
 -0.0731132
 0.0479134
 0.0140909
 -0.0736958
 -0.161987
 0.0728864
 -0.338386
 0.0713037
 0.256544
 -0.0817663
 0.0496678
 0.192571
 -0.173106
 -0.0543553
 -0.0479226
 -0.0142775
 -0.205575
 -0.0507371
 -0.00162795
 0.134527
 0.124943
 0.0200147
 -0.00212597
 0.0443599
 0.20232
 0.000714182
 0.0594608
 -0.100072
 -0.130847
 0.30661
 0.00786207
 -0.0524372
 -0.0208059
 0.0949244
 -0.177449
 0.0530799
 0.163924
 0.305425
 0.333531
 -0.00660181
 -0.0663173
 -0.182884
 0.096808
 -0.0394928
 0.139739
 -0.113898
 -0.0729506
 0.0977484
 -0.0135785
 0.550026
 -0.007371
 1.21332
 -0.0611451
 0.100856
 -0.0133797
 0.122973
 -0.0048915
 -0.0700769
 -0.024062
 0.0471106
 -0.036999
 0.0244219
 0.0927553
 -0.089346
 -0.155996
 -0.0629998
 -0.224891
 0.141441
 -0.149236
 -0.0968065
 0.212474
 -0.218992
 0.0293492
 -0.08292
 -0.239896
 -0.191685
 0.104502
 0.0100625
 -0.0924195
 0.168693
 -0.078071
 -0.123174
 0.0829372
 -0.166526
 0.241243
 -0.162399
 0.113349
 0.0471922
 0.00160009
 0.201148
 -0.230996
 0.100545
 -0.0691172
 0.0355502
 -0.045651
 -0.138884
 0.0518064
 -0.172765
 -0.156378
 0.0080654
 -0.0441416
 0.0306183
 -0.0146171
 -0.111843
 -0.0565904
 0.0381013
 -0.0841477
 0.0295822
 0.175234
 0.102873
 0.139914
 -0.12401
 -0.0969753
 0.254957
 -0.087083
 0.089113
 0.109514
 -0.116728
 0.181233
 -0.0586883
 0.0429256
 -0.0957594
 0.150731
 0.0698608
 0.121877
 -0.00792796
 -0.0978588
 0.127182
 0.0452396
 -0.138672
 0.0828282
 -0.103341
 -0.0660639
 0.0265839
 0.030502
 -0.0286288
 0.14717
 0.0414533
 -0.101795
 -0.00572963
 0.120019
 0.0181336
 -0.0324699
 0.0407573
 0.0719613
 0.138995
 -0.177196
 0.0185842
 0.00791235
 0.01413
 0.18337
 0.207594
 -0.298949
 0.0137068
 0.263697
 -0.187948
 0.168639
 0.122248
 -0.300952
 0.104755
 0.000216364
 -0.195733
 0.0869311
 0.143293
 0.158278
 -0.1289
 0.148626
 -0.133033
 -0.111525
 0.217836
 -0.0779576
 -0.0590432
 -0.210944
 -0.0107442
 0.0443704
 -0.0155407
 -0.162838
 0.034175
 0.109907
 -0.177318
 -0.0604903
 -0.136068
 0.0392353
 0.0549566
 -0.0731782
 -0.114326
 -0.103548
 0.0777804
 -0.0193443
 0.0871846
 -0.0526897
 -0.0336089
 -0.00757731
 0.242114
 0.021961
 -0.1848
 0.206369
 0.00133781
 0.0515629
 -0.0909465
 0.0965262
 -0.00610874
 -0.211393
 0.131308
 -0.128427
 -0.0426937
 -0.138564
 -0.0195975
 -0.0893431
 0.0592693
 -0.0871549
 0.0288725
 -0.0725919
 -0.0052196
 -0.0114389
 0.0342128
 -0.0262255
 0.154793
 -0.479273
 -0.359563
 0.106457
 -0.0290791
 0.0957158
 0.139514
 0.0367868
 -0.111529
 -0.0599165
 -0.11028
 0.0376162
 0.121176
 -0.00292037
 -0.0917276
 0.0016386
 -0.265509
 0.0204455
 -0.0533547
 0.081693
 0.148356
 -0.0394896
 -0.0584491
 -0.112041
 0.0229048
 -0.0348969
 -0.0572275
 0.0349627
 0.0211405
 0.0944845
 -0.0168907
 -0.0185052
 0.0747099
 0.0723776
 -0.112326
 0.143685
 0.165318
 -0.0824699
 0.0750991
 -0.0397322
 -0.154931
 -0.183953
 0.110705
 0.145933
 -0.00842291
 0.11467
 0.0565966
 0.0877674
 -0.205827
 -0.14299
 0.134914
 -0.212163
 0.206021
 0.220317
 0.259784
 0.11052
 -0.149264
 -0.0886051
 -0.0993986
 0.0384077
 0.0508938
 0.115656
 -0.0998558
 0.0666833
 -0.102822
 0.266436
 0.100491
 -0.115927
 -0.104404
 -0.000422751
 0.0694897
 -0.123695
 0.0301551
 0.0458498
 -0.328164
 0.0367869
 0.0757363
 0.0461113
 -0.129516
 0.0409247
 0.0271859
 0.020855
 0.134845
 -0.0656294
 0.123446
 -0.135357
 0.0434409
 0.0420151
 -0.131001
 0.0466403
 0.074202
 0.271502
 -0.0939849
 -0.0142957
 -0.00309867
 -0.033244
 -0.0593872
 0.0548209
 0.0163819
 0.0109944
 -0.0780304
 0.226669
 -0.0605213
 -0.0229026
 0.0983413
 -0.115374
 -0.0496861
 0.0549696
 -0.0901545
 -0.168562
 -0.00366632
 0.0126211
 -0.153202
 0.0455009
 0.0489327
 0.0453581
 0.0119653
 -0.0602391
 0.00875306
 0.0889616
 -0.190851
 0.223904
 -0.154401
 0.258406
 0.0404245
 0.114906
 -0.230915
 0.145526
 -0.249744
 0.125506
 0.115719
 0.0571146
 0.00402201
 -0.152971
 -0.111214
 0.111691
 -0.111351
 -0.0561609
 0.300008
 -0.0149597
 0.0688376
 -0.116382
 0.498191
 0.0180709
 -0.107092
 0.0074834
 -0.00482675
 0.0412851
 0.118388
 -0.0175138
 0.172177
 0.0134492
 -0.00045916
 0.0410819
 0.0243277
 -0.0411119
 0.015429
 0.0806175
 -0.182072
 -0.154324
 -0.0859769
 -0.0319345
 0.159029
 0.0413614
 -0.15632
 0.0180316
 0.243645
 0.0379655
 -0.143745
 0.0739348
 -0.187676
 -0.00707857
 -0.0475308
 -0.00135922
 -0.217675
 0.0469524
 -0.0161949
 0.00739565
 0.00730325
 -0.124449
 0.0306174
 0.254993
 0.0435627
 0.116106
 -0.00833102
 0.0404793
 0.0115534
 0.246713
 -0.0684678
 -0.165433
 0.0359562
 0.144198
 -0.215775
 0.0145925
 0.0606658
 0.0300716
 -0.190578
 0.190734
 0.114639
 0.157478
 -0.4011
 0.0483576
 0.140193
 0.0216952
 0.00584594
 0.0895588
 -0.111202
 0.027864
 0.0562214
 -0.12052
 0.195219
 -0.0587967
 0.145441
 -0.120673
 0.0062894
 0.102979
 -0.0845336
 0.177644
 -0.0287288
 0.034991
 0.110568
 -0.163476
 -0.039203
 0.201566
 -0.0557475
 -0.165809
 0.0508205
 -0.0456245
 -0.00155922
 0.2911
 -0.252254
 -0.0950438
 0.215557
 -0.0137543
 -0.0994195
 0.214032
 -0.158116
 0.10923
 -0.146041
 0.15443
 0.160417
 -0.116152
 0.166158
 -0.0374543
 -0.113605
 0.0141846
 0.264079
 -0.0607661
 0.14679
 -0.179468
 0.0800457
 -0.106143
 0.0747098
 0.0790143
 0.0460623
 0.0775606
 -0.05574
 0.0886946
 -0.0734222
 0.0384977
 -0.00175732
 0.177581
 0.0765112
 -0.0815405
 -0.0281069
 -0.100035
 -0.0797943
 -0.063445
 0.225907
 0.129435
 -0.167
 0.0597288
 -0.0788825
 0.0628576
 0.147807
 -0.00228983
 -0.256627
 0.0498248
 -0.126974
 0.0928767
 -0.0759562
 -0.00434175
 0.0498612
 -0.0205799
 -0.0557944
 -0.0601911
 -0.0822596
 -0.224337
 0.10752
 -0.118968
 0.0662702
 -0.0140404
 -0.104404
 0.10918
 -0.0217511
 0.117236
 -0.133093
 0.252435
 -0.0742049
 -0.146372
 0.0333265
 0.113317
 0.159167
 -0.1787
 -0.0484288
 -0.0117666
 0.0787272
 0.0686657
 -0.15991
 -0.0827807
 0.212706
 -0.0852708
 0.0308852
 0.0143593
 -0.181562
 0.0294087
 0.0443411
 0.242093
 -0.134331
 0.089258
 -0.08811
 0.0483948
 0.0115681
 -0.0625397
 -0.0599083
 0.0676718
 -0.223931
 0.0111879
 -0.0283105
 0.0314308
 0.155394
 0.203271
 -0.105103
 -0.0685967
 0.194397
 -0.0503783
 0.0345616
 -0.0680516
 -0.0796057
 0.1585
 -0.0359845
 -0.133544
 -0.0738208
 0.282242
 -0.0321915
 0.0730638
 -0.127383
 -0.0910445
 0.242255
 0.0908134
 0.00689319
 0.10166
 -0.112847
 -0.0886423
 -0.194469
 0.0597763
 0.01956
 -0.134879
 -0.186083
 -0.261028
 -0.172192
 -0.0198629
 -0.0378406
 -0.128586
 0.0187237
 0.120448
 -0.103568
 -0.0169068
 -0.122696
 -0.107139
 0.0961063
 -0.131578
 0.089035
 -0.0585297
 0.112224
 -0.0776097
 0.193425
 -0.148559
 -0.132452
 0.297976
 -0.0328409
 0.11505
 -0.250387
 0.226746
 0.0039228
 -0.0935822
 -0.0312076
 -0.106971
 -0.00561625
 0.00645825
 0.276222
 -0.0157082
 0.170729
 -0.193414
 0.196609
 0.0385364
 -0.0867565
 0.0636769
 0.0897478
 0.0273909
 0.0191269
 0.170601
 -0.006134
 -0.0215703
 0.167886
 0.000734747
 -0.118711
 -0.0351277
 -0.0177341
 0.135501
 0.0453263
 -0.184501
 0.123153
 -0.100913
 0.0529095
 -0.207231
 -0.106621
 0.176321
 0.105007
 0.080544
 -0.198255
 0.0948908
 -0.0458802
 0.11459
 -0.232611
 0.00987063
 0.12433
 0.248428
 0.386593
 0.0689462
 -0.00321902
 -0.0498459
 -0.133818
 0.0639128
 0.0683484
 0.0337525
 0.0351754
 -0.208302
 0.139692
 -0.0573677
 -0.489982
 0.026509
 -0.174959
 0.025481
 0.0234838
 -0.080786
 -0.0662117
 0.0673531
 -0.00286371
 0.125943
 0.17508
 -0.17008
 0.0559146
 0.016256
 -0.122788
 0.0588015
 -0.105676
 0.0328931
 0.023044
 -0.130062
 0.188137
 -0.0412618
 -0.0364278
 -0.0586026
 -0.126787
 -0.00153656
 -0.104498
 0.163945
 -0.0844998
 -0.0814284
 -0.10496
 0.0081594
 -0.591857
 -0.221262
 -0.0293808
 -0.180904
 0.0534889
 -0.100687
 -0.0111079
 -0.156093
 -0.331618
 -0.00673915
 -0.156104
 0.0784413
 -0.302481
 0.14332
 -0.212403
 -0.0727303
 0.213247
 0.0581096
 0.062695
 -0.221597
 0.165889
 -0.145392
 0.0583618
 0.154409
 -0.122058
 0.291817
 -0.153105
 0.174663
 -0.106883
 -0.378446
 0.0878897
 -0.395223
 0.184058
 -0.144103
 0.0732526
 -0.169772
 0.186391
 0.120659
 0.0252153
 0.0800485
 0.207757
 -0.161047
 -0.116057
 -0.167877
 0.0370198
 -0.0401581
 -0.0975753
 0.0336155
 0.202527
 -0.0186169
 -0.0470014
 0.104489
 -0.14228
 0.091632
 -0.305489
 0.354042
 0.0197189
 -0.131034
 -0.0161025
 0.0821129
 0.00282638
 -0.0579327
 0.110185
 0.0946604
 -0.167157
 -0.0323634
 -0.00150565
 0.00365557
 0.0618995
 -0.168666
 -0.103908
 0.118039
 -0.00985193
 -0.105031
 -0.0290088
 -0.190077
 0.22706
 -0.0223505
 -0.027876
 -0.18539
 -0.180993
 0.143012
 0.129952
 0.0700678
 0.000906482
 -0.0872892
 0.00988418
 -0.0467431
 0.0563353
 -0.0940665
 0.0130322
 0.093101
 0.0578447
 -0.103355
 -0.159202
 0.135743
 -0.150732
 -0.0388977
 0.101569
 0.0565043
 -0.200405
 0.0916052
 -0.0250928
 -0.0797537
 0.0140958
 0.11962
 -0.11763
 0.11901
 -0.0247043
 -0.0629995
 -0.074843
 0.0936475
 0.0173532
 0.0791507
 -0.0626673
 -0.0204937
 0.0540158
 -0.0133918
 0.0524703
 -0.0046456
 0.000115148
 -0.0490638
 -0.153594
 0.0397124
 0.0796011
 -0.178684
 -0.145022
 0.272397
 -0.177157
 -0.113628
 0.0692036
 0.0575136
 0.00733521
 -0.0725085
 0.0021381
 0.0825029
 0.186362
 -0.0840746
 -0.0885223
 0.113196
 0.00270711
 0.11916
 -0.0648421
 0.112143
 -0.164491
 0.107494
 -0.218138
 0.204864
 -0.23018
 0.0774277
 -0.0981519
 -0.139017
 0.0300499
 0.12144
 -0.0741112
 -0.0104998
 -0.315932
 0.201091
 -0.154523
 0.0950461
 -0.19536
 -0.0161558
 0.0953533
 -0.0757908
 0.0917281
 0.0119421
 -0.0772959
 0.0163716
 -0.0139463
 -0.035113
 0.0399055
 0.0806536
 -0.0495737
 0.295592
 -0.0934797
 0.0446388
 -0.0123136
 0.0355396
 -0.216743
 0.156006
 0.133094
 -0.135588
 -0.150354
 -0.0705674
 -0.103314
 0.0684002
 -0.204812
 0.107037
 -0.0671908
 0.0191148
 -0.0342094
 0.119458
 -0.144739
 0.0457763
 0.0716199
 0.00829816
 -0.130707
 0.0493699
 0.0809107
 0.0826093
 0.0434628
 0.0439723
 0.00630978
 -0.103442
 0.109764
 -0.111879
 0.0945286
 -0.15644
 0.124874
 0.0603706
 0.13381
 0.0447998
 -0.110009
 0.00989087
 0.129683
 -0.11736
 0.150494
 -0.129634
 -0.0627436
 0.145957
 -0.197934
 -0.0137595
 0.163971
 0.319744
 0.203976
 0.0581921
 0.166169
 -0.155479
 0.366564
 -0.0425019
 0.0378939
 0.00639528
 0.111869
 0.405613
 -0.357455
 -0.149233
 0.307274
 0.0508092
 -0.196103
 0.16582
 -0.123741
 -0.00672676
 0.129018
 -0.103105
 0.17248
 -0.00521852
 -0.0690768
 -0.0829226
 -0.000215561
 0.0138786
 -0.0131551
 0.167716
 -0.261414
 0.124471
 0.0489089
 -0.0363271
 -0.184953
 0.0487879
 0.0151175
 -0.128103
 0.186732
 -0.118676
 0.132137
 -0.0453154
 -0.00414964
 -0.0133188
 0.130582
 -0.0713963
 -0.0568655
 0.186837
 -0.169914
 -0.131936
 0.273545
 -0.0311661
 0.150286
 0.0255262
 0.119687
 0.00493862
 -0.223461
 0.060574
 -0.0901743
 -0.0879136
 0.000463481
 0.115183
 -0.136425
 0.0247489
 -0.152571
 -0.167373
 0.00332378
 0.0269726
 -0.0191375
 -0.0263979
 0.211791
 0.0306256
 0.0804021
 -0.147263
 0.0782233
 -0.0827862
 -0.0412344
 0.23379
 -0.039814
 0.0152859
 0.139073
 -0.302393
 0.14559
 -0.240285
 -0.0716142
 0.0477949
 -0.134396
 0.0409663
 -0.00272112
 -0.0698099
 -0.131912
 0.129692
 0.0630928
 -0.168417
 0.23053
 0.198735
 0.0200405
 -0.00427825
 0.117299
 -0.137083
 -0.173662
 0.173112
 0.153579
 0.158392
 -0.0426678
 0.085893
 -0.196895
 -0.548928
 -0.519131
 -0.293623
 -0.496131
 -0.0833755
 -0.220079
 -0.0472348
 -0.197404
 0.401866
 -0.100169
 0.0293572
 -0.0260411
 -0.00573473
 0.00157536
 0.0683869
 0.0526868
 0.00671471
 -0.103541
 0.00116123
 0.0816468
 -0.0957713
 0.0305638
 -0.0508109
 0.0244892
 -0.0793367
 0.119996
 0.133639
 0.0598253
 -0.135871
 0.139807
 -0.172768
 0.0666071
 -0.0357526
 -0.170526
 0.195979
 -0.15829
 -0.0874616
 0.152728
 -0.0911552
 0.0399408
 0.00693669
 0.118318
 -0.0112476
 0.00558592
 -0.0355819
 0.167297
 -0.17826
 0.084393
 0.159896
 -0.087881
 0.0537422
 -0.155478
 0.139111
 -0.0950273
 -0.200128
 -0.0799992
 0.112843
 0.110383
 -0.13834
 -0.0169896
 -0.0455932
 0.0338649
 0.169317
 -0.181615
 -0.0444124
 0.207391
 -0.0693062
 0.0731891
 0.292823
 -0.136644
 -0.000304729
 -0.295167
 0.138031
 0.0311842
 -0.051984
 -0.0334425
 -0.0249549
 -0.0542473
 -0.0195702
 -0.149065
 0.0739683
 -0.157703
 0.0159395
 0.0356617
 0.308928
 -0.014474
 0.14924
 0.0883005
 -0.171705
 0.094207
 0.211083
 0.0588989
 -0.0377035
 0.0997926
 -0.158649
 0.214444
 -0.194126
 0.0586241
 0.115198
 0.0816225
 -0.0472775
 -0.0699356
 0.183822
 -0.0606546
 -0.171944
 0.160546
 -0.137497
 -0.00900934
 -0.120453
 -0.0465274
 -0.0448383
 0.0832044
 0.142045
 -0.064348
 0.0126437
 0.045904
 -0.0721356
 0.0292933
 0.1541
 0.135417
 -0.1435
 -0.0810851
 0.00710014
 -0.155996
 0.0949599
 -0.0586637
 0.0708029
 0.0248664
 0.0707481
 -0.14035
 -0.0375566
 0.114507
 -0.0660831
 0.00445846
 -0.117404
 0.0905802
 -0.243478
 -0.0443269
 -0.0286527
 -0.0442744
 -0.192834
 0.0723869
 0.0493414
 0.0353987
 -0.139489
 -0.0121703
 0.0437542
 -0.107656
 -0.236435
 -0.0180194
 0.115708
 0.0258614
 -0.0224704
 0.0180815
 -0.420999
 -0.188223
 -0.290946
 -0.194267
 -0.0183586
 0.0246413
 0.029035
 -0.0498105
 0.0195625
 -0.0503089
 0.135494
 -0.0657441
 0.0122104
 0.0749442
 0.0591446
 0.0897555
 -0.013803
 -0.163176
 -0.043824
 -0.135742
 0.0883714
 0.015522
 0.24952
 0.0156837
 0.0520912
 -0.0241137
 0.172092
 0.164571
 -0.236937
 -0.0915014
 0.135402
 -0.0161538
 -0.025037
 -0.0490317
 0.0541671
 0.121377
 -0.739414
 -0.0865031
 -0.280013
 0.00548623
 0.0913409
 0.166148
 -0.0468862
 -0.0320234
 -0.0279025
 0.128154
 0.0622891
 0.0608455
 0.0977151
 -0.0559378
 -0.146324
 0.0633329
 0.00601856
 0.0307302
 0.135597
 0.00484677
 -0.0451717
 0.0979215
 0.0932949
 -0.0772739
 -0.202555
 0.102139
 -0.145445
 0.124235
 0.153136
 -0.179506
 0.353341
 -0.0614409
 -0.0959069
 -0.0723289
 -0.0463323
 0.114714
 -0.0702388
 -0.00270831
 -0.0147742
 0.167108
 -0.142394
 -0.0481606
 0.205037
 -0.00342557
 0.00775548
 -0.0126461
 -0.11346
 0.129043
 -0.220493
 0.144348
 0.0217465
 0.0494153
 -0.0188649
 -0.0989665
 0.0435521
 -0.158222
 0.131232
 -0.0253663
 -0.0591004
 0.0939301
 -0.0690504
 0.0867188
 -0.102854
 0.0421345
 0.0534236
 0.0240294
 -0.0695998
 -0.0439936
 -0.0201039
 0.0796196
 -0.139474
 -0.0346498
 0.0833029
 0.00396876
 -0.0714724
 0.0171149
 0.00888312
 0.0258933
 -0.0402648
 -0.0500707
 -0.0741664
 -0.185093
 -0.109727
 0.00265797
 -0.0570985
 0.114259
 -0.185092
 0.0891812
 0.160175
 0.0042754
 0.00780759
 -0.0656805
 0.0627747
 -0.0220756
 -0.0771193
 0.0144852
 -0.143441
 0.196336
 0.151825
 -0.170926
 0.454113
 -0.129837
 -0.166689
 0.138509
 -0.203533
 0.21339
 0.0497859
 -0.0308953
 0.0454697
 0.0124374
 -0.0158593
 0.0568671
 0.0283952
 0.0710984
 0.101975
 -0.0314535
 0.174628
 -0.0447437
 0.00331469
 -0.0761741
 0.0823752
 0.105873
 -0.191507
 0.0901012
 0.0104686
 0.0262441
 -0.0425666
 -0.139272
 0.00631295
 0.00225262
 -0.150365
 0.000429123
 -0.0821376
 0.144124
 0.0181186
 -0.242805
 0.111628
 0.00323761
 0.165898
 -0.165382
 -0.142681
 0.140752
 -0.124714
 -0.256827
 0.057308
 -0.0598774
 0.164341
 -0.108252
 0.143094
 -0.109163
 -0.155264
 -0.0500704
 0.141002
 0.0332627
 -0.0577861
 -0.00952076
 0.152665
 -0.111245
 -0.112184
 -0.112565
 0.221441
 -0.104414
 0.0209365
 -0.128764
 0.0333721
 -0.0280448
 -0.118983
 -0.0788266
 -0.0728013
 0.263652
 0.0466035
 0.0254793
 -0.169992
 0.0334964
 0.0965711
 -0.154623
 -0.0193431
 0.0348233
 0.0243124
 -0.00330999
 -0.0344684
 0.080516
 0.0855296
 -0.205695
 0.0992552
 -0.261039
 0.21487
 -0.172606
 0.0410275
 0.181405
 -0.199356
 0.134346
 0.0120118
 -0.048323
 0.115171
 0.0724017
 0.0166755
 -0.0149451
 0.123963
 0.0592413
 -0.0319604
 0.028939
 0.0751856
 -0.0744962
 -0.13994
 -0.00893658
 0.0792854
 -0.0355386
 -0.092114
 0.0795058
 0.0105327
 0.228752
 -0.121093
 0.701302
 0.0637833
 0.0121279
 -0.0168787
 -0.104549
 0.230016
 -0.0227374
 -0.0026063
 -0.0140066
 0.157321
 -0.0996024
 -0.059823
 -0.0300191
 -0.218451
 0.00080899
 0.287914
 -0.0314696
 0.196724
 -0.0824428
 0.0744848
 0.120999
 0.0724808
 0.0461315
 0.451416
 0.120097
 0.100493
 -0.0601853
 -0.111677
 -0.118976
 0.078517
 -0.0692535
 -0.0270562
 0.10353
 0.00197687
 -0.0351628
 -0.111551
 0.101921
 -0.12861
 0.143579
 -0.0393457
 0.211893
 -0.102969
 -0.136651
 0.0795809
 0.0973163
 -0.134105
 0.17726
 -0.0540962
 0.014306
 0.0898995
 0.0443136
 0.0374472
 0.164387
 0.08347
 -0.0404686
 0.126784
 -0.0538268
 0.180206
 -0.250625
 0.0738907
 -0.0830548
 -0.158996
 -0.105867
 0.0283485
 0.0407282
 0.0792088
 -0.0070774
 -0.0628982
 0.0560364
 0.0969082
 -0.0727834
 0.00336331
 -0.0377683
 -0.100052
 -0.00426743
 0.00600949
 0.0716631
 0.0253261
 0.052244
 0.106148
 -0.0263206
 -0.035311
 0.228146
 0.0352424
 -0.182712
 0.0536148
 0.190064
 -0.0322745
 -0.0543073
 -0.197339
 0.0930261
 -0.0751078
 0.0571853
 -0.091131
 0.0554488
 -0.164187
 0.0572229
 -0.0964893
 0.0325832
 0.0725165
 0.0547246
 0.102261
 -0.0450226
 0.296378
 0.0906559
 -0.0436445
 0.132445
 0.0171295
 0.0350199
 0.0302921
 0.00698606
 0.0666587
 -0.0661643
 0.119269
 0.0222554
 -0.0837041
 -0.0486498
 0.147006
 -0.0495797
 -0.0689596
 -0.132599
 -0.234333
 0.29282
 -0.00879218
 0.0503461
 0.0441683
 0.0141002
 0.0464201
 -0.00248874
 0.0215181
 -0.114341
 0.101406
 -0.193931
 0.0591682
 -0.0484685
 -0.034032
 -0.0822924
 0.176346
 -0.163071
 0.0347581
 0.1891
 -0.327658
 -0.0293062
 0.0326086
 -0.056695
 -0.109199
 0.0392345
 0.00832897
 0.0251323
 0.0591338
 -0.0173335
 -0.0126061
 -0.0963198
 -0.101669
 -0.074127
 -0.166247
 0.234729
 -0.00968917
 -0.103502
 0.183296
 -0.292185
 0.177254
 -0.0613944
 0.194283
 0.00983189
 0.227311
 -0.091789
 0.190306
 0.101933
 0.0588203
 -0.0242495
 0.0436963
 0.0150718
 0.078988
 -0.173038
 0.112895
 -0.360795
 0.118064
 -0.201542
 0.151783
 0.0355723
 -0.0983237
 0.251183
 -0.12062
 0.0159403
 -0.230602
 -0.0430433
 0.00864736
 0.137699
 -0.0479633
 0.235565
 0.278879
 0.00491941
 -0.138189
 -0.0247406
 0.0754443
 0.0840236
 -0.129679
 -0.0128506
 0.0657571
 -0.0814033
 0.108438
 0.182136
 0.0808884
 -0.161378
 0.0301305
 -0.0733661
 0.146953
 -0.0882347
 0.183269
 -0.105361
 0.227186
 -0.292409
 -0.0970768
 -0.0731257
 0.0203128
 0.3258
 -0.221712
 0.208771
 -0.135705
 -0.149443
 0.144511
 0.0933899
 0.121018
 -0.0690785
 -0.0722178
 0.0288111
 -0.0781555
 0.128559
 -0.175114
 -0.0197911
 0.0710205
 -0.053134
 0.142795
 -0.0626219
 -0.0909379
 0.133807
 -0.00701663
 0.0467755
 0.110988
 0.107536
 0.0305112
 0.120202
 -0.0837146
 -0.133057
 0.137636
 -0.210548
 0.0284951
 -0.125941
 -0.00345084
 -0.127826
 0.00440389
 -0.1805
 0.14748
 -0.0540457
 0.0195125
 0.0115511
 0.149004
 -0.245961
 -0.0252589
 0.0795632
 0.0103651
 0.117954
 -0.200841
 0.117222
 0.0433354
 -0.165567
 0.203489
 -0.238206
 0.100873
 -0.213129
 -0.097681
 0.21356
 -0.209775
 0.152422
 -0.0901461
 0.0216867
 -0.0578798
 0.25485
 -0.0767193
 0.00507606
 0.0273798
 -0.00508319
 0.118564
 -0.107081
 -0.0757125
 0.0684561
 0.114464
 -0.134969
 -0.0588161
 -0.043399
 0.170582
 0.0876387
 -0.545964
 -0.00249399
 0.0255974
 -0.23889
 0.184331
 0.0196569
 0.167379
 0.0446916
 0.157804
 -0.0923679
 -0.0277394
 -0.0206379
 -0.0683104
 0.169259
 0.0340785
 -0.0397682
 0.0545828
 -0.189117
 -0.065512
 -0.0304656
 -0.0292326
 0.106782
 -0.288511
 -0.00273501
 0.247821
 -0.133988
 -0.217639
 0.0585301
 0.0341617
 0.083117
 -0.0902555
 0.00765046
 -0.202496
 -0.00969636
 -0.135589
 0.0783412
 -0.196096
 0.0471141
 -0.0206479
 0.0970741
 0.383088
 -0.229581
 0.370976
 -0.0808419
 -0.037186
 -0.108566
 -0.000509191
 -0.0246523
 0.049614
 0.201045
 0.15924
 -0.286389
 0.465055
 0.011768
 -0.150765
 0.126903
 -0.000613133
 -0.110269
 -0.144397
 0.12813
 0.197829
 -0.0783942
 -0.131388
 0.00974346
 -0.0567261
 0.180004
 -0.0885799
 0.145589
 0.0220767
 -0.0840012
 0.0510989
 0.015266
 -0.194332
 -0.0972768
 -0.00248729
 0.375904
 -0.130466
 -0.0998407
 0.0993296
 0.00687873
 -0.0439679
 0.0331567
 -0.0527071
 0.120954
 0.13042
 -0.149514
 0.095565
 -0.104179
 -0.149725
 0.189772
 -0.000789246
 0.135028
 -0.0909978
 0.0201271
 -0.171038
 -0.138544
 0.211099
 -0.257572
 0.0524501
 -0.0135814
 0.0450015
 0.0153069
 0.122713
 -0.053112
 0.0869599
 -0.162313
 0.140257
 -0.285806
 0.00660666
 -0.233714
 0.0894402
 -0.0489992
 0.208811
 -0.0251376
 -0.0878896
 0.0472693
 0.250817
 -0.0872621
 0.0912221
 0.0602832
 -0.13515
 0.0401473
 0.13098
 -0.0517491
 -0.0461468
 0.0150302
 -0.226173
 0.0770304
 0.156259
 -0.222769
 0.176215
 0.158165
 -0.241692
 0.128113
 -0.141982
 -0.27792
 -0.556423
 0.19062
 -0.314339
 -0.0856718
 -0.0117968
 -0.0178395
 0.186795
 0.0557338
 0.0860426
 0.0318928
 0.0803915
 0.235516
 -0.0356327
 -0.00627634
 -0.0913784
 -0.265867
 0.216063
 0.05358
 0.11591
 0.0301785
 -0.0114902
 -0.114966
 0.0413632
 -0.0102708
 0.170322
 -0.0219151
 0.0356417
 -0.0611966
 0.103181
 -0.0585576
 0.0225678
 -0.00102913
 0.0800584
 -0.0938002
 -0.206698
 0.0566733
 -0.0729344
 0.213568
 0.00249114
 0.00837724
 -0.0343275
 0.154071
 -0.0223375
 0.00679411
 0.0906417
 0.0805738
 -0.00428061
 0.0255176
 0.0452774
 -0.00423687
 -0.164123
 0.136741
 -0.194673
 0.0909338
 0.073632
 0.208763
 0.171969
 -0.195619
 0.0492051
 -0.129836
 0.134869
 0.130071
 0.0433088
 -0.0261056
 0.0525721
 -0.00803469
 0.00783251
 0.0699146
 -0.119966
 0.101841
 -0.00557604
 0.0897432
 -0.202583
 -0.0943794
 0.244928
 -0.0970415
 -0.0367411
 -0.114194
 -0.0263701
 0.09219
 -0.0883564
 0.0831332
 -0.074947
 0.0311994
 -0.0521727
 0.1202
 0.0874421
 -0.0960957
 0.0326316
 -0.124137
 -0.113603
 0.136458
 -0.072343
 0.122085
 0.096315
 -0.140176
 -0.0778105
 0.0701938
 0.0226008
 -0.038141
 0.170757
 0.167104
 0.116365
 -0.137422
 -0.00728994
 -0.0391063
 0.0452625
 -0.273166
 0.172627
 0.0659899
 0.0872398
 -0.140275
 0.460715
 -0.12944
 -0.0807317
 0.00399681
 0.0431723
 -0.0956862
 0.741406
 0.375985
 0.570675
 0.436089
 0.708764
 0.336084
 1.37069
 1.19654
 0.502054
 -0.10482
 0.135831
 -0.0188907
 -0.0187537
 0.0625341
 -0.0747486
 0.132034
 0.00356681
 0.111035
 -0.0812631
 -0.0466841
 0.0761607
 -0.0212156
 -0.00139621
 -0.0399561
 -0.0701668
 0.0876957
 -0.21689
 0.185652
 -0.035378
 -0.134081
 0.000851003
 0.0992216
 -0.145574
 0.152084
 -0.131317
 0.026839
 0.0590265
 0.0580241
 0.0266335
 -0.0143994
 -0.0334299
 0.06816
 -0.189038
 0.131998
 -0.0294573
 -0.144773
 -0.199873
 -0.0650688
 0.149862
 -0.117319
 -0.119994
 -0.0915394
 0.200718
 -0.119673
 0.0974202
 -0.12692
 -0.059709
 -0.0764958
 0.149436
 -0.299701
 0.0805565
 0.168907
 0.034903
 -0.204621
 -0.0636103
 0.295571
 -0.102354
 0.0149923
 -0.0215203
 0.0699831
 -0.149088
 -0.0450241
 0.0750537
 -0.136789
 -0.0133613
 -0.10899
 -0.00772299
 0.108953
 -0.0605601
 -0.0744062
 -0.0205557
 -0.114001
 0.0418256
 -0.215914
 0.255615
 -0.144867
 0.093198
 -0.0820673
 0.0184613
 -0.156468
 0.170609
 -0.213839
 0.110449
 0.0409633
 -0.049247
 0.0504309
 0.226425
 -0.0715934
 0.176555
 -0.0281586
 0.0427828
 0.0832626
 -0.205957
 0.0300153
 0.0886861
 -0.118189
 0.214557
 -0.262293
 0.262778
 -0.0445933
 0.183897
 0.155219
 -0.0747978
 -0.0499397
 -0.0175123
 -0.147502
 0.0598664
 0.127468
 0.0185415
 0.112062
 0.164279
 -0.297222
 0.140172
 -0.2034
 0.108908
 -0.126599
 0.0328914
 -0.0462981
 -0.00917413
 0.13402
 -0.161579
 0.0270845
 0.161714
 0.143326
 -0.123686
 0.101666
 -0.0828401
 -0.123755
 0.135713
 -0.182854
 0.1476
 -0.194266
 0.0176473
 0.112057
 0.00141674
 0.0795762
 -0.0878961
 -0.00332008
 0.213863
 0.00436304
 0.0829045
 -0.0146788
 0.0451381
 0.136475
 -0.0738391
 -0.0383547
 0.0843675
 -0.132866
 -0.0901603
 0.111912
 0.00347737
 0.00532757
 -0.18816
 0.0220737
 0.0470135
 0.11099
 -0.0706057
 0.232537
 -0.0188266
 0.160554
 0.0561069
 -0.183986
 -0.0829475
 0.0355827
 -0.0933108
 0.200564
 0.0763727
 -0.056178
 -0.092451
 -0.00358722
 0.0710906
 -0.0827841
 0.0112544
 -0.0243612
 0.0427096
 0.124205
 -0.0180132
 -0.0130231
 -0.117961
 0.161683
 -0.032062
 -0.215365
 0.274755
 -0.0503484
 -0.0241222
 -0.0693834
 -0.0284658
 0.0791039
 -0.234247
 0.0462405
 0.0484312
 0.0509315
 0.0442523
 0.193434
 0.0544338
 0.00853645
 0.143959
 -0.268112
 0.284402
 -0.0775522
 -0.100016
 0.00946558
 0.0381427
 0.253241
 -0.088155
 -0.144313
 -0.0381564
 0.126098
 -0.110896
 -0.0122408
 0.0353727
 -0.0709517
 0.14341
 0.143278
 -0.0670095
 -0.0513267
 0.0607696
 -0.0292029
 0.134128
 -0.163306
 0.0594818
 0.159953
 -0.0237029
 0.131043
 0.0600705
 -0.0729372
 -0.0153146
 -0.0237899
 -0.158378
 0.081584
 0.0305797
 0.145247
 -0.149199
 0.127643
 0.00182123
 -0.146999
 -0.0361329
 0.103732
 -0.165468
 0.0805437
 0.267028
 -0.0034405
 -0.149493
 0.022556
 0.066378
 0.0733161
 0.030816
 0.000185997
 0.018073
 0.0636986
 -0.100121
 0.0140232
 0.187598
 0.00347826
 0.169009
 -0.251966
 -0.0474424
 0.130319
 0.0353449
 -0.0803324
 -0.137579
 0.083175
 -0.120373
 0.010796
 0.0218424
 0.15213
 -0.112949
 0.137222
 -0.00870545
 -0.0468961
 -0.00348047
 0.064404
 -0.0860791
 0.0806588
 -0.172065
 0.295356
 0.0232063
 -0.0811321
 0.133037
 -0.0551895
 0.00410206
 -0.212021
 0.139507
 0.0342777
 0.159577
 -0.131382
 -0.0958088
 0.179175
 0.0420448
 -0.0311972
 0.129165
 -0.0128293
 -0.0628521
 -0.0962763
 0.0264444
 0.0400104
 0.0467304
 -0.11031
 -0.119019
 -0.261698
 0.00104948
 -0.0391643
 0.0866157
 -0.130242
 0.0196541
 0.0119254
 0.05414
 -0.0906242
 0.200765
 -0.0675142
 0.108987
 -0.142607
 0.0366421
 -0.0699017
 0.202232
 0.0216666
 -0.0840144
 0.17349
 -0.0731988
 -0.0110797
 0.119876
 -0.597767
 0.0287134
 -0.047665
 -0.0540448
 0.0382712
 0.136329
 -0.155746
 0.0578838
 0.0675492
 0.0156959
 -0.0603478
 -0.108938
 0.0625108
 -0.0200546
 -0.0897126
 0.0972106
 -0.0899217
 0.000187807
 0.0147889
 0.335244
 0.114147
 0.318038
 -0.102822
 0.0865891
 -0.035076
 -0.0367902
 0.0141425
 0.0901876
 0.0865281
 -0.0461699
 -0.157425
 0.140137
 -0.0061685
 -0.0437324
 0.00872878
 -0.28254
 -0.163453
 -0.105531
 0.00963653
 -0.0810443
 0.0643958
 0.222787
 -0.154653
 0.195144
 -0.0615991
 0.261544
 -0.145759
 0.182193
 -0.23125
 -0.116141
 0.0675715
 -0.0391284
 0.0102482
 0.0660355
 -0.222901
 0.251551
 -0.161171
 0.0940572
 -0.205576
 -0.0819433
 0.0512811
 -0.0250788
 -0.076913
 0.248843
 0.0116225
 -0.186293
 0.114318
 0.0377418
 0.0238155
 -0.0580904
 -0.0411075
 0.00710895
 0.0184086
 -0.0760319
 -0.0945894
 -0.070355
 -0.058496
 0.0309215
 -0.0261663
 -0.0445507
 0.104284
 -0.265272
 0.050755
 0.000734736
 -0.121975
 0.263794
 -0.0339017
 0.118054
 -0.0763677
 -0.0634971
 0.00308445
 0.111555
 0.00391034
 -0.166255
 -0.0275065
 0.030007
 0.101811
 0.0873223
 0.183433
 -0.0322722
 0.0511757
 -0.164142
 0.0961425
 -0.040528
 -0.0852227
 -0.126005
 0.0354132
 -0.0750772
 0.0280109
 0.14599
 -0.238656
 -0.0632521
 -0.156972
 0.241619
 -0.120757
 0.213481
 0.0173288
 -0.169661
 0.19063
 0.0758856
 -0.117864
 -0.00229676
 0.104629
 -0.00303125
 -0.073318
 -0.0589343
 0.103111
 -0.319049
 0.394355
 0.0196439
 0.0111441
 -0.0642055
 0.166123
 0.0915709
 -0.0644203
 0.105638
 0.128653
 -0.23211
 0.146996
 0.219101
 -0.0734212
 0.407089
 -0.138514
 0.0593074
 0.0731154
 -0.0884425
 -0.0912068
 -0.161914
 0.137094
 -0.0979014
 -0.106231
 0.250225
 -0.165998
 0.172875
 -0.154485
 0.0846273
 -0.0166302
 -0.139249
 -0.0378987
 -0.101064
 0.203714
 -0.379425
 0.0266805
 0.246169
 -0.12692
 -0.218671
 0.15505
 0.0805186
 0.0358872
 0.0689244
 -0.262396
 0.222831
 -0.173368
 0.191622
 0.046782
 0.00160253
 -0.151316
 0.137386
 -0.179011
 -0.0643995
 0.241157
 0.0774141
 0.0273997
 0.0613891
 0.0336841
 -0.0691941
 0.034524
 -0.00179184
 -0.085822
 0.156864
 -0.0695241
 0.0421282
 0.0942699
 -0.0470381
 -0.114476
 0.0140407
 0.0962698
 -0.132173
 0.0462909
 0.079432
 -0.122681
 -0.0136297
 -0.118946
 0.0152079
 0.136595
 -0.0213961
 -0.0138219
 0.179162
 0.233788
 0.0180421
 0.0302769
 0.141465
 -0.157653
 0.235434
 0.122334
 0.0485479
 -0.00840451
 0.533474
 0.287657
 0.271332
 0.533065
 0.0936866
 -0.0131814
 -0.0714949
 -0.0685357
 0.0260388
 0.0465141
 0.0435138
 0.0475705
 -0.0869882
 0.10629
 -0.0776379
 0.0478421
 -0.034012
 0.0282009
 0.0210886
 0.141442
 0.0486651
 -0.0476829
 0.164149
 -0.0263042
 0.156006
 0.102595
 -0.137941
 0.112458
 0.0352891
 -0.0130148
 -0.0528426
 0.101707
 -0.149884
 0.0630471
 -0.164032
 0.000129226
 -0.0335953
 0.0931575
 -0.00636036
 0.0536763
 -0.0590782
 0.258338
 0.0151434
 -0.0493902
 -0.0930979
 0.322298
 -0.0251725
 -0.138799
 -0.0184937
 0.0381782
 0.0128322
 0.10917
 -0.00299105
 0.207795
 -0.117817
 -0.00399292
 0.0764736
 -0.153931
 -0.0327393
 0.0111343
 -0.0112912
 0.111307
 0.047972
 0.0461831
 -0.294462
 0.212504
 -0.133061
 -0.091952
 0.23812
 -0.259264
 0.131562
 -0.0665254
 -0.0240322
 -0.103927
 0.0843434
 -0.0379952
 -0.0027458
 -0.0306201
 0.15786
 -0.100349
 -0.123486
 0.146928
 -0.0858081
 0.00448186
 -0.0421447
 -0.115707
 -0.294671
 0.100278
 -0.0114321
 0.155944
 -0.133256
 0.136184
 -0.307842
 0.035063
 0.0889627
 -0.214227
 -0.0489004
 -0.34588
 -0.466503
 -0.0618358
 -0.0565483
 0.0109054
 0.0119472
 -0.159621
 -0.0282794
 -0.151366
 0.000923214
 0.10994
 -0.0281834
 0.08286
 -0.0452117
 -0.154671
 -0.0124898
 -0.160189
 -0.074681
 -0.0828047
 0.117039
 0.0155892
 0.164261
 -0.19224
 -0.158013
 -0.136388
 0.118604
 -0.206602
 0.179103
 0.0119969
 0.221832
 0.00464293
 -0.0130113
 0.0269763
 -0.129314
 0.00603604
 -0.0452496
 0.0262342
 0.0476053
 -0.105008
 0.00216455
 -0.197784
 0.116208
 0.108221
 0.142148
 -0.148277
 0.160351
 -0.154046
 0.0288075
 -0.0628902
 -0.0671273
 -0.00298763
 -0.0998225
 0.0519723
 -0.0744707
 0.0518455
 0.0449783
 0.020794
 -0.111763
 0.039358
 0.031934
 0.0941019
 0.0687054
 -0.0362634
 0.163577
 0.258909
 -0.0517154
 0.0226995
 -0.0937182
 0.0698073
 0.0267774
 0.0517953
 -0.154099
 0.362948
 0.0101133
 0.10292
 0.00138808
 0.234322
 0.0458822
 -0.192204
 0.216344
 0.124434
 -0.340224
 0.158257
 0.0528856
 -0.0653558
 -0.05042
 0.0851434
 -0.191821
 -0.0436477
 0.0436617
 -0.287224
 0.154537
 -0.0357596
 -0.0989271
 -0.034783
 0.308043
 0.0501475
 0.00637511
 0.0112326
 -0.0655482
 0.0799567
 0.0695241
 -0.0939624
 -0.237414
 0.0790068
 -0.0281688
 0.103577
 -0.182631
 0.0599199
 0.104118
 -0.0528277
 -0.0725095
 -0.245466
 0.142529
 -0.10708
 0.0949336
 -0.25452
 0.054151
 -0.0966568
 0.293111
 -0.063026
 -0.113786
 -0.0296573
 0.0414807
 -0.057918
 -0.208244
 0.0935354
 -0.0458887
 0.0927723
 0.110377
 -0.07976
 -0.174922
 0.1672
 0.160093
 -0.027882
 0.0189554
 0.0994137
 -0.100167
 -0.0644888
 -0.180424
 0.107102
 -0.118487
 0.065189
 -0.0662315
 0.194801
 -0.107116
 0.182905
 -0.0416936
 -0.0108318
 0.109065
 0.135348
 0.0541942
 -0.268199
 -0.00443063
 0.18789
 0.0196507
 0.107838
 -0.0645743
 0.0919156
 0.0956177
 -0.0173229
 -0.276213
 0.172915
 -0.176559
 -0.00915213
 -0.00687159
 -0.0318274
 -0.272458
 0.26166
 0.0238243
 -0.0860999
 0.0848124
 -0.097012
 0.103132
 -0.0549211
 0.0545933
 0.0912767
 0.0969531
 -0.0469252
 -0.0159859
 0.0567617
 -0.0223949
 0.0335672
 0.0133901
 -0.0473201
 0.0540033
 0.0313467
 -0.108687
 -0.101135
 0.00112687
 -0.198023
 0.306074
 0.124813
 -0.322812
 -0.0541737
 0.049693
 0.070061
 -0.00348614
 -0.149223
 -0.0264832
 0.130464
 0.132424
 0.294505
 -0.185315
 0.163026
 -0.053003
 0.0718451
 -0.172643
 -0.00381215
 -0.482066
 0.112655
 -0.192575
 0.205168
 0.00520814
 -0.122393
 0.0745369
 -0.018212
 0.0288156
 0.00665278
 0.0320074
 0.0043606
 0.0386342
 -0.227947
 0.030741
 -0.0813483
 0.00620721
 -0.106476
 0.0229024
 0.0221376
 0.0447015
 -0.0985804
 -0.158137
 -0.112899
 0.0958036
 -0.228294
 0.0722719
 0.120729
 -0.225109
 0.0503971
 0.0567412
 0.397191
 0.0722105
 -0.113143
 0.16068
 -0.141571
 -0.00734394
 0.0914899
 0.00909517
 -0.150323
 0.234983
 -0.194551
 0.125454
 -0.0700249
 -0.133568
 0.0467381
 -0.326514
 -0.0943031
 0.0575929
 0.0966405
 -0.0843352
 0.0232737
 0.0699184
 -0.0921625
 -0.179412
 0.134795
 0.126944
 0.0460407
 -0.127639
 -0.0596716
 0.0787336
 0.0153418
 0.0221619
 0.0121959
 0.0124927
 0.0609998
 -0.017444
 0.159201
 -0.127902
 -0.0959534
 0.126447
 0.080227
 0.0889441
 -0.0510865
 0.256543
 0.0215323
 0.103898
 -0.047534
 0.0812378
 -0.124328
 0.202324
 0.0835775
 -0.0344623
 0.0441491
 -0.0512706
 -0.024243
 0.00648471
 0.0274959
 0.0345341
 0.227743
 -0.101438
 0.0710427
 0.111035
 -0.0813788
 0.116302
 -0.095178
 -0.117949
 0.147923
 -0.0705206
 0.0294082
 -0.126058
 -0.15039
 0.140907
 0.037447
 -0.0615858
 0.0439357
 0.168812
 -0.0163501
 -0.041263
 0.126465
 -0.214596
 0.229845
 -0.233634
 -0.213146
 -0.014132
 0.125234
 0.0269015
 -0.022915
 -0.108233
 -0.0366092
 -0.0703932
 0.261227
 -0.125696
 0.0177318
 0.133866
 -0.00207784
 0.00577056
 -0.0169392
 -0.151899
 0.181496
 0.144968
 -0.105986
 0.431951
 0.0959323
 -0.0199876
 -0.0889636
 -0.0739157
 -0.016356
 -0.0427035
 0.047784
 0.133084
 0.0914897
 0.0640475
 0.000314654
 -0.0316396
 -0.0822634
 -0.0703967
 0.12475
 0.0917134
 0.0678924
 -0.152237
 -0.0658118
 0.168306
 0.00248928
 -0.205788
 -0.0752016
 0.0264998
 -0.0245781
 -0.120807
 0.205137
 -0.168227
 -0.0849455
 -0.0162628
 0.0432462
 -0.0366484
 -0.119659
 -0.0941361
 0.102929
 -0.138424
 0.0843683
 -0.076493
 -0.0511385
 0.0607964
 -0.147306
 -0.479597
 0.151569
 -0.190725
 0.245109
 -0.00482694
 0.0021102
 -0.241799
 0.0114449
 0.0595678
 0.0941762
 -0.228932
 0.0520488
 -0.0324737
 -0.25631
 -0.0550792
 -0.223911
 0.103823
 0.111774
 0.0647176
 0.126258
 -0.0590971
 -0.0515967
 0.19318
 -0.22843
 0.292373
 -0.249519
 0.0614555
 0.206423
 -0.0290851
 0.0425319
 0.0739331
 0.0567525
 -0.0718508
 0.191367
 0.0985897
 0.11602
 0.16793
 0.0742612
 0.118131
 -0.152887
 -0.100641
 -0.195019
 -0.0390144
 0.13588
 -0.057683
 -0.120595
 0.0686216
 -0.0304646
 -0.0706167
 -0.14439
 0.150345
 -0.184451
 -0.112542
 0.173596
 -0.219498
 0.212308
 0.14968
 -0.351183
 -0.0895822
 0.0481685
 0.198182
 -0.162171
 -0.0903672
 -0.259604
 0.214562
 -0.254331
 -0.383392
 -0.218377
 0.153242
 -0.0323378
 -0.14015
 -0.0223183
 -0.0178661
 0.133471
 -0.159471
 0.0659457
 -0.0486599
 -0.148732
 0.0145411
 0.0496261
 -0.0531907
 0.175273
 -0.220267
 0.0216474
 -0.114915
 0.233776
 -0.0708158
 0.130907
 -0.0382106
 -0.172355
 -0.043795
 0.19553
 -0.0710469
 0.122663
 0.0406199
 0.0379298
 -0.0751788
 0.0276367
 0.250689
 -0.167768
 0.00913972
 -0.117232
 0.0358217
 -0.0261136
 0.0903704
 -0.162348
 0.094079
 0.0417912
 -0.188349
 0.139963
 0.134619
 -0.0753762
 0.0641592
 -0.0419836
 -0.038604
 -0.0184251
 -0.0640637
 -0.099567
 0.522703
 -0.146028
 0.0415806
 -0.132895
 -0.199196
 0.10623
 -0.185303
 0.130461
 0.0153776
 0.0777085
 -0.0817467
 -0.0452651
 -0.0653155
 0.0912015
 0.130459
 -0.0905693
 -0.0576518
 0.163443
 -0.0774092
 -0.0902622
 0.126632
 -0.0892033
 0.361798
 -0.0127628
 -0.186214
 0.112026
 0.0472602
 -0.0919908
 -0.0320289
 0.0401926
 0.13032
 0.00327341
 -0.0169572
 -0.0568806
 0.0106021
 -0.0466214
 0.0467943
 0.101133
 0.335267
 0.189188
 0.461731
 -0.165355
 0.165886
 -0.118668
 -0.143913
 -0.223557
 -0.0405858
 -0.116406
 0.0947353
 0.022728
 0.0462785
 -0.126031
 0.0612528
 -0.245011
 0.0677855
 0.00527993
 -0.0608089
 0.0175024
 -0.085101
 -0.0824948
 -0.241001
 -0.0150978
 0.126351
 -0.0125139
 -0.0430738
 -0.0203587
 -0.169655
 0.0419644
 0.114173
 -0.00709373
 0.0129395
 0.0498746
 -0.0419002
 0.162834
 -0.116441
 0.0102232
 -0.0297689
 0.0611457
 0.0354152
 -0.0104923
 0.16134
 -0.209176
 0.24312
 -0.1359
 0.0209077
 -0.0895924
 0.170551
 -0.0843301
 0.134833
 0.00311686
 0.0491021
 -0.113972
 -0.0592607
 0.0619678
 0.238722
 -0.144408
 -0.0226237
 -0.168139
 -0.0401524
 0.106611
 -0.147769
 0.0402515
 0.0451889
 -0.0230284
 -0.0809186
 0.0279667
 0.039611
 0.0789774
 -0.105876
 -0.130657
 0.0197819
 -0.0973589
 -0.129878
 0.202125
 -0.0757215
 0.087365
 0.126266
 -0.164043
 0.116849
 -0.0485594
 -0.116665
 0.0819553
 -0.0763084
 0.105906
 0.252672
 -0.0762802
 -0.0838498
 0.223965
 -0.0685191
 0.0882927
 0.0584259
 -0.0792892
 0.0703266
 -0.00114855
 0.01336
 0.0801234
 -0.107831
 0.255099
 -0.137492
 -0.067828
 -0.0125791
 -0.112109
 0.061027
 0.0148628
 -0.0812136
 0.174282
 -0.0645605
 0.079044
 0.0384499
 0.0409499
 0.0300066
 -0.109693
 -0.0620565
 -0.0979771
 -0.164246
 0.126386
 -0.188321
 0.338137
 -0.168889
 -0.0776607
 0.0174304
 -0.178026
 0.174235
 -0.0732204
 -0.00382783
 0.133643
 -0.0218398
 0.0726315
 -0.033197
 -0.11841
 0.081985
 0.125643
 -0.132323
 0.0248736
 0.0217199
 -0.0291989
 0.0492978
 0.0560202
 -0.156935
 -0.0490619
 -0.0134049
 -0.0489786
 0.0709266
 0.0224766
 0.0357744
 -0.0281014
 0.0132896
 -0.0517198
 0.0394651
 0.118992
 -0.165444
 0.118359
 0.00865916
 -0.223542
 0.130899
 0.00893171
 -0.0754753
 0.0995315
 0.0726669
 -0.170757
 -0.241423
 0.122551
 -0.0963988
 0.163146
 -0.100089
 0.048531
 0.105725
 -0.0608634
 0.0601199
 -0.0948908
 -0.0370049
 -0.0773647
 -0.134287
 0.082887
 0.260688
 0.0307149
 -0.0662544
 -0.0517882
 -0.0691926
 0.0663486
 -0.0161402
 0.109195
 -0.210732
 0.142185
 -0.254051
 0.0308101
 -0.0271745
 0.220701
 -0.0496677
 -0.0812178
 0.153469
 0.0317601
 -0.00308883
 0.111519
 -0.102492
 -0.0590098
 0.0268607
 0.046278
 0.108355
 -0.0561653
 -0.136095
 0.202081
 0.0219762
 0.0173929
 0.0408991
 0.0567126
 0.155639
 -0.0351453
 -0.102055
 0.128692
 0.0238201
 -0.175542
 0.032038
 -0.110752
 0.0615184
 0.0547085
 0.112272
 0.106616
 0.000357997
 0.132902
 -0.21289
 0.00327319
 0.11173
 -0.116132
 0.0395609
 -0.0828077
 0.085101
 0.246019
 -0.105613
 0.0695132
 -0.123111
 0.147791
 -0.286031
 0.0339102
 -0.0260557
 0.0667871
 -0.0133756
 -0.147971
 -0.14083
 -0.597618
 -0.692008
 -0.74746
 -0.731798
 -0.132095
 -0.00113473
 -0.0614534
 -0.0498779
 -0.0183458
 -0.0566894
 -0.0134971
 0.113136
 0.0145641
 0.213419
 -0.358122
 -0.0244854
 0.282218
 0.015024
 -0.0771266
 0.0466501
 0.151599
 -0.378625
 0.241223
 -0.0412299
 -0.00678983
 0.0374532
 0.156187
 -0.0672842
 0.0585476
 -0.012397
 -0.0657856
 0.0677659
 0.0835531
 -0.0151337
 -0.0216751
 -0.149418
 0.123082
 -0.0535813
 -0.126358
 -0.127986
 0.0502853
 -0.0863139
 -0.0643071
 -0.160685
 0.225308
 0.0124581
 -0.0864978
 0.0137581
 0.212711
 -0.194144
 -0.0353992
 -0.12257
 0.102879
 -0.0349705
 0.126517
 -0.146245
 -0.153924
 -0.0359379
 0.0594078
 -0.196278
 0.175302
 0.0254729
 0.0731314
 -0.226892
 0.158459
 -0.147675
 0.037396
 -0.150014
 0.0779218
 0.202716
 -0.0555288
 0.101021
 -0.0280362
 0.0211943
 0.0938757
 0.0792708
 -0.356225
 0.208819
 -0.218197
 -0.0835106
 -0.05837
 0.0195923
 0.0780967
 0.211339
 -0.178121
 -0.0245508
 0.166037
 -0.0550521
 0.0107513
 0.113028
 0.0435176
 0.0118707
 -0.0312825
 0.0840037
 -0.0380157
 0.0980157
 -0.00940638
 -0.107841
 0.0594866
 -0.120663
 0.180437
 -0.114344
 -0.0149627
 0.171611
 -0.0374233
 -0.106339
 -0.0822543
 -0.00794485
 0.129683
 0.116592
 -0.142406
 0.139299
 0.0171904
 0.156887
 0.477392
 -0.0649156
 -0.0269727
 0.130442
 -0.0406735
 -0.096566
 -0.0975239
 0.0589083
 -0.0868606
 -0.0107701
 0.174841
 -0.0654744
 -0.0650625
 0.0841465
 0.0338877
 -0.00170508
 0.0786052
 -0.0288297
 -0.00844322
 -0.0810264
 0.0482844
 0.0243434
 0.0631768
 -0.0598771
 -0.133433
 -0.00566892
 0.10793
 -0.0880253
 0.0155509
 -0.0435537
 -0.0672703
 0.0471501
 0.026909
 0.0850177
 -0.0320461
 0.0861718
 -0.0347404
 0.0090619
 0.0723475
 -0.185211
 0.263757
 0.0142543
 -0.159991
 -0.00226876
 -0.116642
 -0.0357807
 -0.057994
 -0.034792
 -0.12159
 -0.042141
 -0.0583573
 0.233099
 -0.102187
 0.020952
 -0.348506
 0.114769
 -0.172409
 1.11715
 -0.111926
 0.175058
 -0.0832541
 0.101403
 -0.0313371
 -0.0256946
 0.169779
 0.0523694
 0.0248979
 -0.063256
 -0.136939
 0.198817
 -0.216258
 0.1018
 -0.111535
 0.081978
 -0.0950402
 -0.0182393
 0.0932508
 -0.131169
 0.0700676
 0.0961261
 -0.375674
 -0.0852118
 -0.0530621
 0.104156
 -0.0812683
 -0.188125
 -0.0646771
 0.0370049
 -0.155669
 -0.00930736
 -0.0217458
 0.0719721
 -0.0859327
 0.0167001
 -0.0203669
 -0.164134
 -0.0492971
 0.186979
 -0.17976
 0.101167
 -0.0785713
 -0.0997457
 0.12493
 0.0130459
 0.0787192
 -0.0298008
 0.153145
 0.0571479
 -0.101089
 0.0855468
 -0.1943
 0.0502217
 -0.0928461
 -0.13491
 0.087575
 -0.142525
 0.0710669
 0.0830396
 0.0187256
 -0.152413
 0.0187147
 -0.161873
 0.0801062
 -0.0278886
 0.181988
 -0.107684
 0.195232
 -0.0284116
 0.0206015
 -0.137518
 -0.104371
 0.0149786
 -0.101882
 -0.075937
 -0.0949547
 0.0873109
 -0.108722
 0.161764
 -0.163299
 0.0837916
 0.119373
 -0.0761618
 0.0810787
 -0.22977
 0.076922
 0.0922025
 0.023357
 -0.174065
 0.126137
 0.0141601
 0.0979511
 -0.0560422
 0.2004
 -0.0337467
 -0.162185
 0.0681729
 0.0982534
 0.237485
 -0.0925169
 0.0674273
 -0.0540057
 -0.00629111
 -0.0879733
 -0.0618921
 -0.278361
 0.157074
 -0.128543
 -0.0708653
 0.0184182
 0.00951312
 -0.0693824
 -0.0131389
 -0.0587491
 0.0352883
 -0.0664849
 0.00467701
 0.103639
 0.120347
 -0.146875
 0.153301
 -0.0882817
 0.192151
 -0.0400058
 -0.0228135
 -0.272753
 0.26309
 -0.110378
 -0.0170134
 -0.050948
 -0.094831
 0.123555
 -0.0404706
 0.196316
 -0.135908
 0.247293
 -0.0570566
 -0.0443453
 0.00674716
 -0.115151
 -0.125026
 0.109416
 0.0221893
 0.0558792
 0.0061379
 -0.0964654
 0.0613585
 0.0850697
 -0.0794585
 -0.0224746
 -0.0058233
 -0.0241003
 0.182291
 -0.160277
 0.123515
 -0.13828
 -0.192451
 0.0998648
 -0.0948516
 -0.0812054
 0.030304
 0.0977536
 -0.0682266
 0.0242431
 -0.0873959
 -0.0841067
 -0.0371697
 0.146085
 0.125931
 -0.130318
 -0.00250336
 0.153734
 0.00443906
 -0.114882
 0.0181343
 -0.0913464
 -0.0429183
 0.286681
 0.0305731
 -0.0993607
 -0.129408
 -0.043269
 -0.0430358
 0.0879942
 -0.0267267
 -0.148768
 0.060914
 0.0219166
 0.0139403
 0.00284569
 0.0240768
 -0.0700817
 -0.0594174
 -0.0484778
 0.0787364
 -0.0447331
 0.0483579
 -0.0668809
 -0.0382289
 0.0147235
 0.292244
 -0.157083
 0.0603068
 0.142949
 0.0513178
 -0.074415
 -0.0527052
 -0.048394
 -0.222109
 0.0259813
 -0.00116931
 -0.081089
 -0.1273
 0.148228
 -0.0624217
 0.0859535
 -0.163214
 0.0903705
 0.0493182
 -0.06376
 0.0458958
 0.14526
 -0.0109427
 0.0274721
 0.0385979
 0.178858
 -0.0084834
 0.0509808
 0.0510952
 -0.127688
 0.250608
 0.0419122
 -0.167812
 0.0302605
 0.0366676
 -0.0408181
 0.0912908
 0.210786
 -0.0724481
 0.0916324
 -0.114031
 0.0793804
 -0.166471
 -0.140153
 0.0646026
 -0.102592
 0.102767
 0.0125929
 -0.0223037
 0.192135
 -0.193403
 -0.034049
 0.141819
 0.0512864
 -0.0231977
 0.0555446
 -0.0736683
 -0.123313
 -0.0963596
 0.0450971
 0.0071875
 -0.133887
 -0.0675731
 -0.141225
 0.182949
 -0.13636
 0.0428681
 -0.168728
 0.070189
 -0.0625866
 -0.0669544
 -0.0147733
 0.176245
 0.0920354
 -0.142764
 0.100513
 0.0762746
 0.0118406
 -0.0639057
 0.183534
 0.0638479
 -0.137708
 0.250415
 -0.114594
 -0.524937
 0.200999
 -0.022574
 0.223915
 -0.102637
 -0.0153914
 0.0323857
 0.113699
 -0.0732792
 0.0381649
 -0.0778907
 0.0494305
 -0.0680697
 0.178746
 -0.114902
 -0.00658365
 -0.091224
 0.0467864
 -0.0512396
 -0.13208
 0.04193
 0.0256056
 0.0519172
 -0.0473514
 0.193125
 -0.329814
 0.259502
 -0.253342
 0.110895
 -0.140155
 0.202487
 -0.094582
 0.0653969
 -0.0827146
 0.00932628
 0.00636876
 -0.0478196
 0.156263
 -0.047447
 0.0756854
 -0.324389
 0.245764
 -0.108414
 0.0978023
 -0.025491
 0.118605
 0.0555343
 -0.0344888
 0.0966818
 -0.0264224
 0.0476474
 0.0274945
