 -0.130583
 0.616666
 -0.693713
 0.272334
 0.108149
 -0.510739
 0.167956
 0.599343
 1.07808
 1.88131
 1.29091
 0.278633
 -0.0288507
 -0.32282
 0.42635
 -0.915597
 0.513941
 -1.23708
 0.0913835
 -1.6661
 -2.07046
 -1.39004
 -0.17864
 -0.8298
 -0.438936
 -0.662091
 0.758562
 0.987401
 1.20811
 1.18748
 1.07233
 0.64738
 -1.12476
 0.498082
 -0.121477
 1.46407
 -0.478709
 1.50487
 -0.432694
 0.639001
 0.817215
 -0.353726
 -1.08982
 0.807102
 0.483853
 2.03205
 2.41342
 1.58629
 1.0328
 1.63295
 0.961809
 -0.412774
 0.295879
 1.20104
 1.26035
 -0.235374
 0.794754
 1.06653
 -0.288801
 -0.419012
 0.0817556
 -0.213013
 1.09433
 -0.0198045
 1.01849
 -0.749082
 -0.137953
 -1.6606
 -0.773774
 -0.889692
 0.762826
 0.378197
 -1.0911
 0.283315
 -0.783206
 -0.364658
 -1.36209
 -1.61765
 0.0631903
 -0.718337
 -1.59904
 -1.01276
 1.10615
 -0.185212
 1.82001
 1.83706
 1.10741
 1.86809
 0.729011
 -0.00832762
 1.71216
 1.39563
 2.14503
 2.30627
 0.769561
 1.49094
 1.838
 1.39589
 2.79198
 0.694648
 1.95605
 0.529125
 -0.49878
 -0.237185
 -0.464299
 -0.921442
 -0.630246
 0.692009
 -0.158219
 0.846631
 1.65575
 2.22385
 1.26873
 1.23457
 -1.08444
 1.3589
 0.379957
 -0.52383
 -0.656976
 -1.31716
 -1.16596
 -0.386551
 -1.52123
 -0.809267
 -1.60065
 0.72141
 1.59176
 1.13909
 -0.175806
 0.812933
 0.315266
 0.29011
 -1.64603
 -0.68319
 -0.190767
 1.00239
 -0.336276
 -0.03098
 -0.901725
 -1.67249
 0.176462
 -1.32778
 -0.535023
 -0.323268
 -0.997179
 0.0188498
 -0.00771303
 1.9765
 1.64553
 1.35751
 1.34664
 1.17405
 0.94277
 0.658951
 0.978401
 -0.521925
 0.86519
 0.543807
 1.2157
 1.69262
 1.72622
 0.634846
 0.72201
 1.76937
 1.09983
 1.34621
 0.618392
 0.713714
 -0.388046
 -0.376841
 -0.189137
 -0.977131
 -0.356039
 1.41354
 0.25369
 0.383228
 0.525526
 0.792874
 1.4008
 1.88989
 0.0574806
 0.978255
 0.395131
 1.57525
 1.17773
 0.970501
 0.755836
 1.58556
 1.19482
 0.36859
 -1.15081
 -0.0743786
 -1.51315
 0.584735
 -0.51151
 -0.530951
 -1.47159
 -2.09549
 -0.16824
