 0
 0
 -0.103309
 1.63053
 1.11126
 -0.783946
 -1.42294
 -1.80305
 -1.3507
 -1.1082
 -1.56233
 -0.567218
 0.184156
 0.863329
 1.17775
 0.618235
 -0.737853
 -1.06948
 -0.743752
 -1.22061
 1.39445
 -0.498158
 0.348396
 1.11732
 -0.749917
 1.61484
 1.34563
 1.33498
 0.547574
 -0.813818
 -1.61802
 -0.722
 -1.25801
 0.478946
 0.477155
 -0.396208
 -0.338644
 0.18138
 -0.872739
 1.2298
 0.209859
 -0.933442
 0.959944
 0.597053
 -0.455103
 -0.47552
 0.344436
 -0.854819
 -1.62585
 -1.25258
 -1.19048
 0.0631245
 0.206203
 1.22929
 0.364494
 0.040739
 0.156336
 0.278697
 2.26997
 -0.562336
 -0.667309
 0.117451
 -0.190736
 0.906906
 1.18374
 0.158517
 1.60138
 1.41302
 0.639433
 -0.418639
 -0.807211
 -0.221008
 -1.99196
 -2.23554
 -1.47216
 -1.25086
 -1.38175
 -2.25865
 -0.702969
 -1.82553
 -1.64046
 0.604965
 -1.03639
 0.770005
 0.084066
 -0.53701
 0.401058
 0.899776
 0.0061173
 1.92313
 0.164403
 1.64889
 0.550795
 0.806872
 -1.59288
 0.354331
 -0.36451
 -1.72555
 -0.193168
 0.720277
 0.661104
 0.431009
 0.717102
 0.69796
 0.75852
 0.297265
 -0.300055
 -0.683613
 0.217303
 0.800439
 -0.164356
 -0.666836
 -1.18842
 0.253365
 0.447903
 -0.559959
 1.81183
 -0.532829
 0.598823
 0.661537
 -0.14105
 1.52752
 0.241195
 0.015715
 2.65551
 0.837846
 0.736233
 -0.542983
 -1.72842
 -2.44918
 -0.585138
 -0.401366
 0.337818
 0.0268439
 0.00616411
 0.718997
 0.638053
 0.531459
 0.798225
 0.25234
 -0.417128
 0.364184
 0.197852
 -0.362373
 0.362649
 0.239436
 0.68085
 1.19215
 0.238696
 1.24939
 1.39238
 2.21319
 1.13503
 1.28641
 1.89006
 1.42829
 0.804013
 0.920063
 -0.586129
 0.212166
 -1.19189
 -0.193343
 -0.894868
 -0.803923
 -0.377751
 0.669511
 1.364
 0.351656
 -0.705798
 0.283058
 0.431692
 2.03853
 0.25812
 2.16604
 2.16204
 1.87818
 1.00224
 0.609584
 0.140199
 -0.0524234
 0.104255
 -0.179301
 -0.669164
 -0.334351
 0.0193179
 -2.56744
 0.818712
 -0.85315
 -1.05959
 -1.82771
 -1.00188
 -1.08789
 -0.345092
 -1.54106
 -1.58661
 -1.72362
 0.532271
 0.619616
 -1.28617
 0.873789
 0.317327
 -0.389518
 1.67971
 1.70777
 1.88321
 2.20333
 1.23656
 1.36879
 0.609105
 -0.587619
 0.355636
 -0.69389
 -0.494713
 -0.1145
 -1.85495
 -0.330832
 -2.3756
 -1.56987
 -1.50431
 -1.55235
 -1.01474
 -1.58098
 -0.486228
 -1.68936
 -0.132838
 0.435904
 -0.606587
 -0.3417
 -0.541793
 -1.47985
 -1.95609
 -0.69405
 -0.666534
 -1.83029
 -1.75658
 -1.36319
 -1.16837
 0.129493
 0.912123
 0.529114
 -0.94993
 -0.220226
 0.338045
 -0.249975
 2.40497
 0.876748
 0.288096
 0.640196
 -0.220122
 -1.16197
 -0.792274
 -0.797531
 -0.893674
 0.00203629
 0.800893
 -1.87044
 -1.76148
 -1.71357
 -1.60922
 -1.84052
 -0.772841
 -0.445296
 0.433756
 -0.486974
 -1.02627
 -0.531404
 -0.297403
 -0.305414
 -1.69095
 -1.36864
 -2.46681
 -0.0333305
 -1.03987
 1.30144
 1.26599
 0.808195
 1.64869
 1.97586
 1.28956
 1.21668
 2.00592
 1.32232
 0.637538
 0.706343
 0.788663
 0.574959
 0.147317
 0.952288
 1.40329
 0.265191
 -1.12337
 -1.3669
 -0.713452
 -1.88401
 -2.73072
 -2.13505
 -0.190369
 -2.66079
 -1.72349
 -2.12353
 -2.11817
 -0.849612
 0.0899348
 -1.28465
 0.124699
 -0.0508449
 1.10146
 1.86415
 1.38001
 0.273541
 -0.281702
 -1.42739
 -0.917476
 -0.0385581
 -1.77381
 -0.43407
 -2.23307
 -0.631696
 -1.20589
 1.28549
 -0.94442
 -0.180926
 -1.32967
 -1.17154
 0.0420026
 -0.100606
 1.10708
 1.56017
 2.04547
 2.07359
 1.07441
 1.05504
 2.24549
 0.199883
 0.482496
 -1.22833
 0.846175
 -0.551383
 1.64356
 0.677619
 0.259759
 -0.201825
 0.993924
 0.35455
 0.991719
 -0.56189
 0.154499
 0.368805
 1.21894
 0.338814
 -1.77208
 0.483588
 -2.13511
 0.00397534
 -1.01555
 1.63976
 0.288311
 0.13025
 -0.81398
 -2.59772
 -1.8828
 -1.80601
 -2.24077
 -1.48104
 -1.36899
 -0.768577
 -1.61258
 -0.957413
 0.965202
 -1.08259
 0.208475
 -0.658743
 0.583711
 0.934818
 -0.146008
 -0.60628
 -0.547947
 0.618095
 0.101578
 0.430143
 -1.63776
 -0.18307
 -1.1283
 -0.255289
 0.0202092
 -0.346924
 1.48354
 0.402472
 -0.54662
 1.16792
 -0.436842
 -0.197684
 -0.198428
 0.152423
 -1.26931
 -0.402121
 -1.17385
 0.356181
 -1.79734
 -1.09582
 0.0344986
 -0.183556
 -1.40118
 0.163404
 -0.343519
 -1.66811
 -1.31935
 -1.90628
 -1.22161
 -0.963467
 -0.400624
 0.324964
 -0.390653
 -1.75659
 -0.252029
 -0.374691
 -1.12426
 -1.85005
 -2.18768
 -2.58027
 -0.958597
 -2.38239
 -0.413164
 -1.11112
 1.36642
 -0.0436753
 -0.41596
 1.29764
 -0.999739
 0.415142
 -0.194927
 -0.480595
 0.573913
 1.68769
 -0.256691
 0.492588
 -0.487155
 0.659113
 -0.106103
 0.233986
 -0.702517
 -1.52189
 -2.49998
 -2.34095
 -0.948712
 -1.68126
 -0.45302
 0.040461
 -0.182164
 -0.00180028
 1.33235
 0.619212
 -0.0752223
 0.542826
 0.208831
 0.825253
 0.215179
 1.67487
 1.07242
 1.54024
 -0.10785
 -0.776684
 0.0164539
 0.0650486
 0.863011
 1.29671
 0.660297
 1.63608
 1.45226
 0.230322
 -1.13398
 0.863816
 -0.332172
 -0.880548
 -1.00225
 0.0924437
 -1.17501
 -1.02157
 -1.69234
 -0.827563
 -1.12086
 -0.899435
 -1.4406
 -0.584246
 -0.991636
 -0.237579
 -0.987661
 -0.647221
 -1.2368
 -2.38913
 -1.33317
 -2.463
 -2.1611
 -2.27258
 -2.44646
 -2.56614
 -1.24532
 -1.92015
 -0.824763
 -1.88342
 -0.402052
 -0.381573
 -0.971417
 -1.24509
 -1.61105
 -0.719958
 -1.48205
 -0.345217
 0.605222
 -1.04934
 -0.847175
 -2.36105
 -2.24013
 -2.38704
 -0.64433
 -1.79753
 -1.66029
 -1.77918
 -2.43899
 0.136464
 -0.563002
 0.257427
 -0.685628
 -1.29797
 -1.66716
 -0.670707
 -0.682685
 -1.62256
 -0.715563
 -0.84991
 0.913351
 0.768178
 2.4407
 0.778216
 0.520209
 0.692965
 -0.0657346
 1.19546
 -0.0062693
 -0.590115
 0.207939
 -0.504641
 2.14583
 1.78099
 0.815272
 1.54117
 0.492006
 -0.419817
 0.055046
 -1.41054
 0.819649
 0.0573218
 0.823778
 -0.243738
 0.453238
 1.57342
 1.36371
 0.14203
 1.47376
 0.00702145
 1.16746
 0.956994
 0.397131
 0.592228
 0.156
 -0.111478
 0.864033
 0.297735
 0.150218
 -0.776293
 -0.138378
 -0.623142
 -2.14595
 -2.06811
 -1.28231
 -1.79196
 0.628789
 -0.445908
 -0.415205
 -0.921334
 0.407272
 -1.48661
 0.254438
 -0.0389696
 0.122593
 0.0359717
 0.0240662
 -1.25451
 -0.531497
 -0.638349
 0.234978
 -0.835434
 -1.24797
 -0.240126
 1.42728
 -0.237754
 0.979202
 1.21308
 1.77438
 1.00547
 1.14777
 0.570022
 0.191527
 0.262253
 0.75526
 -0.0688578
 -0.947558
 -1.10427
 -1.47673
 -0.771853
 -1.372
 -0.786016
 -0.804566
 0.615621
 0.765015
 2.53527
 2.40497
 2.02508
 1.76576
 0.371491
 1.44351
 0.679998
 0.758095
 0.943752
 1.92969
 0.992817
 0.339748
 -1.05845
 -0.299134
 -0.931715
 0.984834
 0.0428465
 -0.358958
 -0.1564
 0.964663
 1.17748
 1.1826
 0.366038
 0.454106
 -0.724532
 1.71409
 -0.704418
 1.96532
 -0.665311
 0.524755
 0.205093
 0.374626
 -0.953071
 0.801719
 -1.61173
 1.08471
 -0.226798
 1.81565
 1.66316
 1.34195
 0.824612
 1.29656
 -0.182684
 0.787897
 0.935147
 -0.776075
 0.0518982
 1.5409
 1.09225
 0.417699
 -0.303325
 1.72999
 -0.888045
 1.26882
 -1.33799
 -0.0576354
 -2.18649
 -0.86339
 -0.864179
 -0.547578
 -0.931791
 -0.794436
 0.708714
 -1.3839
 0.68489
 -0.404263
 0.139559
 -0.427529
 -0.314366
 -2.37311
 -1.30765
 -2.11467
 -1.27248
 -1.20401
 -0.616762
 -1.96055
 -1.93996
 -2.20777
 -1.29207
 -1.09973
 -0.170855
 -0.723945
 0.595933
 -1.59781
 -0.836627
 -1.82392
 -2.44297
 -1.00403
 -1.23296
 -0.785098
 -0.698803
 0.0964587
 -0.823823
 -0.305795
 -0.596719
 0.254057
 -0.515388
 -0.532789
 2.47181
 1.82922
 2.71696
 1.22818
 0.294273
 0.331068
 0.665194
 0.74728
 0.440752
 -0.284031
 1.53205
 0.231211
 1.43489
 0.0307436
 1.72735
 -1.45493
 0.024129
 -1.33052
 1.61985
 0.410454
 0.514547
 -0.017476
 0.555607
 1.53617
 0.511719
 0.834725
 1.14603
 1.7757
 1.5233
 0.48449
 0.904989
 -0.164054
 -1.22748
 -0.851919
 -1.53149
 -0.403554
 -0.820847
 2.06532
 1.43444
 2.36854
 0.853983
 1.44468
 1.97103
 1.6093
 2.34912
 0.268751
 0.672078
 -0.595112
 -0.287469
 -0.283806
 -0.262404
 -0.753289
 1.50554
 0.455236
 1.40106
 0.44258
 1.51123
 0.383264
 0.831685
 -0.354687
 0.606142
 -0.895438
 -0.559813
 1.31094
 0.287765
 -0.428088
 -0.326032
 0.497772
 -0.683709
 0.0454489
 -0.335655
 1.47233
 0.168881
 -0.946979
 -1.18639
 -0.665871
 -0.851867
 0.0209692
 0.835934
 -0.0995181
 0.3733
 0.084474
 0.939039
 0.196746
 -0.544453
 0.154723
 -1.17193
 -0.172414
 0.856589
 2.38396
 1.27811
 0.561536
 -0.0667721
 -0.40654
 -0.78455
 -0.594184
 -2.109
 -0.7914
 -1.59841
 -0.158935
 -0.5107
 -1.94127
 -1.13152
 -1.71224
 -1.20165
 0.200657
 0.616688
 0.0535666
 -0.500118
 -1.40168
 -0.82246
 -1.21571
 -1.84699
 0.099602
 -0.769994
 -1.25041
 -1.251
 -1.0565
 -0.107079
 0.333583
 -0.0434536
 -1.05558
 -0.211424
 -1.13638
 -0.367456
 -0.455673
 -0.25932
 -1.60338
 -1.53908
 -0.5884
 -0.951677
 -1.58099
 0.541663
 -0.596186
 0.119952
 0.59524
 -0.355901
 -0.343766
 -1.18642
 -1.01424
 0.354811
 -0.224003
 0.182385
 -0.756849
 -1.45655
 0.0195372
 -1.76659
 -1.04743
 -1.58342
 -2.26936
 -1.24865
 -0.546771
 -0.706271
 0.149569
 -0.510645
 -1.88809
 0.183394
 -0.475266
 0.193427
 0.348344
 0.711519
 -1.0964
 -1.16176
 -0.558063
 -2.0699
 -0.607552
 -2.2628
 -1.18627
 -0.583012
 0.297508
 -1.0263
 -1.74627
 -1.61578
 -0.784847
 0.667769
 0.980127
 1.6777
 0.223378
 1.04087
 0.295741
 0.720883
 -1.27414
 1.00955
 -1.46068
 0.0755033
 -1.20792
 -1.75147
 -1.38229
 -1.31995
 -1.01813
 0.231967
 -0.0566424
 -1.47477
 -1.58179
 -2.08152
 -2.00016
 -1.06292
 -1.04448
 -1.63589
 0.286558
 -2.05678
 -1.01652
 -0.942741
 -1.32981
 -0.706164
 -0.777987
 0.00869656
 -0.894731
 1.94311
 -0.327638
 0.587813
 -0.371065
 0.761758
 2.69514
 0.91857
 1.45682
 1.00395
 -0.53105
 0.397763
 1.09719
 0.717303
 -1.06979
 0.82302
 -1.08028
 -0.893235
 0.070585
 -0.476615
 1.55042
 0.135225
 1.18072
 0.427231
 0.0729511
 -0.676606
 -1.17443
 -0.0713555
 0.436355
 1.27857
 1.40818
 1.40689
 1.78513
 0.812306
 1.81062
 0.154258
 0.270767
 0.775335
 -0.102154
 -0.0749519
 0.861153
 0.338156
 2.30423
 0.893342
 1.2002
 -0.673563
 0.0948926
 0.0622755
 -0.270817
 0.815407
 -0.943691
 1.46222
 0.810904
 2.01185
 1.61654
 0.488541
 0.53449
 -0.957479
 -0.43821
 -0.998493
 0.22284
 -0.59648
 0.996864
 -1.2111
 1.09346
 -2.10512
 0.334628
 0.588785
 0.921945
 0.423474
 0.351423
 -0.545256
 -1.00724
 0.747501
 0.731023
 0.900213
 1.8639
 0.579768
 0.176528
 0.111826
 0.718999
 0.489871
 1.18092
 0.894409
 0.841826
 1.11736
 1.09284
 0.576839
 1.56589
 -0.926024
 -0.975445
 -0.541188
 -1.52278
 -1.27825
 1.1518
 -0.804669
 0.113709
 0.213306
 0.343613
 1.4847
 -1.43089
 -0.595043
 0.541339
 -0.0456591
 -0.55394
 0.237325
 -0.891599
 -0.360889
 0.36811
 0.652726
 -0.967164
 0.39932
 -0.946634
 -0.629011
 -1.68263
 -0.232588
 1.18153
 0.738245
 -0.206328
 0.676166
 -0.602528
 -0.787949
 -0.322192
 -0.185405
 -0.486759
 -1.34307
 -0.0735102
 -0.0338259
 1.43995
 0.598907
 1.24643
 1.12869
 1.61585
 1.26159
 1.8001
 1.9158
 1.69574
 0.931073
 1.43762
 0.0326986
 0.738028
 0.92606
 -0.0386464
 0.467999
 -0.816839
 -0.00462798
 0.426976
 0.353189
 -0.187288
 0.586669
 0.897176
 -0.0127442
 -0.394368
 0.532614
 0.855589
 1.38267
 1.52308
 1.8519
 2.41809
 1.86506
 2.22079
 0.287644
 1.48939
 -0.140767
 0.268512
 0.410816
 0.71709
 0.176887
 -0.800093
 0.377569
 -0.480014
 -0.482462
 -1.03663
 -0.791101
 -0.779384
 -0.598245
 -0.634722
 -1.24457
 -1.203
 -2.03633
 -0.694152
 -1.51926
 -0.415801
 -1.02403
 -0.323357
 0.0142532
 -0.823461
 -0.181756
 -1.56343
 -1.97822
 -0.974984
 -1.2073
 0.463313
 2.04555
 2.32498
 1.16608
 0.273535
 0.944713
 -0.0330582
 0.285946
 -0.244988
 0.414602
 0.844301
 1.17106
 -0.961918
 0.636551
 -0.26162
 1.40049
 -0.098556
 1.71332
 0.720902
 -0.0882835
 -0.616243
 -0.648879
 -2.00298
 -2.63749
 -2.58515
 -1.53653
 -1.03644
 -1.40369
 -0.500943
 0.246008
 0.0773559
 -1.18379
 -0.742914
 -1.38775
 -1.08952
 -2.75957
 -1.77644
 -3.2291
 -0.139877
 -0.521569
 -1.33608
 0.466378
 -0.222044
 -0.157262
 0.369899
 -1.3349
 -0.411068
 -1.47091
 -1.60885
 -0.114749
 -1.29205
 2.14761
 -0.693015
 0.292711
 -1.28482
 -1.09932
 0.785148
 -0.688956
 1.40329
 0.699449
 2.62921
 1.99039
 1.5978
 0.225565
 0.864088
 -1.38455
 -0.973861
 -1.78509
 0.300722
 -1.85095
 -0.591451
 -2.21921
 0.690361
 1.00344
 0.133355
 0.81833
 -1.01166
 0.314001
 -1.33176
 -1.00219
 -1.80249
 -0.537921
 -1.55899
 -0.683985
 -0.986015
 -0.940991
 -0.41852
 -1.37559
 -1.64294
 -0.966949
 -0.667638
 0.931183
 0.434085
 1.28449
 0.605572
 1.1338
 0.25786
 0.337347
 0.573538
 0.300586
 1.00094
 0.696921
 0.713516
 -0.123251
 0.0763464
 0.000623361
 -0.0640175
 0.417799
 1.15792
 0.192368
 0.450746
 2.01719
 1.45143
 0.909598
 0.551038
 -0.921375
 0.371438
 -0.213091
 -0.503658
 -0.194654
 0.511511
 -0.139125
 -0.899172
 0.642877
 0.721389
 1.81656
 1.71594
 1.2524
 2.09102
 1.82915
 -0.205637
 0.899801
 -0.330263
 1.06573
 0.449392
 1.5125
 1.80422
 1.31747
 -1.06652
 0.53638
 1.5203
 0.66499
 -0.499285
 0.834433
 -0.258645
 -1.07642
 -0.196742
 -0.579243
 -0.0577493
 0.627264
 1.13255
 -0.70608
 0.59778
 -0.513197
 -0.458589
 -1.01223
 -0.273373
 -1.51848
 -0.431002
 0.676733
 -0.540383
 -0.936354
 -0.934403
 1.074
 0.619513
 -0.0823177
 -0.383258
 -1.80214
 -0.50661
 -0.374023
 -0.915406
 1.77682
 2.31112
 1.16586
 1.29687
 0.896831
 0.860229
 0.712724
 0.965878
 0.696685
 1.24159
 -0.333422
 1.48615
 0.6459
 0.148576
 0.76609
 -0.916621
 -1.14505
 -0.889614
 -0.363866
 -1.43976
 0.377622
 -1.84691
 1.03198
 -1.15726
 -1.39343
 -0.257428
 -0.144891
 -1.57748
 -1.13629
 -0.209093
 -0.999608
 0.627854
 1.05778
 2.74246
 2.44921
 1.68872
 0.0704586
 1.09478
 -0.119481
 -0.95147
 -1.7006
 -1.59218
 -0.98489
 0.220345
 0.132231
 -0.736487
 -0.312518
 -0.993329
 -0.00352497
 -0.10705
 0.555991
 1.16537
 1.59902
 -0.477118
 -0.368042
 -0.561516
 -0.882753
 -0.130004
 0.0471581
 -0.00379571
 1.06432
 1.01745
 1.22716
 1.25177
 1.13279
 1.47944
 1.11254
 1.79155
 0.546365
 -1.59777
 -1.16799
 -0.703537
 -0.511344
 -0.79267
 0.405832
 1.41605
 0.122648
 0.403929
 1.21923
 -0.448978
 -1.01171
 -1.05385
 -0.335369
 0.713055
 -2.20989
 -1.42916
 -2.24347
 -0.781473
 -1.37313
 -1.50325
 -0.406751
 -0.571979
 0.278267
 -0.378982
 -1.22462
 0.191763
 0.943093
 1.41625
 0.407478
 1.04735
 2.13751
 1.54722
 1.71019
 0.497267
 1.68422
 -0.4692
 2.11415
 1.69094
 0.519023
 0.637478
 1.91598
 0.138024
 1.3527
 0.662056
 -2.21388
 -0.592937
 -0.235076
 2.045
 0.612636
 1.74328
 0.662602
 1.75643
 1.15457
 0.046818
 0.58919
 0.399717
 0.0120582
 -0.230515
 0.735591
 -0.705835
 -1.06777
 1.34236
 0.358161
 1.04542
 0.0463178
 0.409448
 0.395929
 -0.270262
 1.10724
 -1.36257
 -0.771517
 -0.877352
 -0.45502
 -1.86725
 -0.218481
 0.550879
 0.803815
 0.276111
 -1.34649
 0.880145
 -0.459755
 0.855627
 0.72861
 0.986045
 1.45071
 -1.0918
 0.69306
 0.286048
 0.318609
 -0.664243
 -0.436473
 -0.287874
 -0.0340362
 -1.51446
 0.392468
 -1.32104
 -0.760722
 -1.35665
 -0.96071
 -1.83519
 -1.89093
 -1.67724
 -2.33856
 -1.66584
 -2.42893
 -1.14892
 -1.2571
 1.41112
 -0.122705
 0.319244
 -2.1501
 -1.50313
 -2.55497
 -0.258711
 -1.98727
 0.706332
 -0.311516
 -0.611293
 -1.82434
 -1.82579
 -0.794573
 -0.336773
 -1.24152
 0.400853
 -2.27936
 -0.370021
 -0.384516
 -0.34137
 1.0783
 0.68831
 -1.17742
 -0.899545
 -0.500816
 0.567729
 -0.682398
 0.101933
 -0.291786
 0.696768
 -0.241617
 -0.018764
 -1.98475
 0.177955
 -0.0682333
 1.25451
 0.270699
 0.47631
 0.355639
 -0.234875
 -0.918215
 -2.38656
 -1.12935
 -0.791463
 -0.571604
 -0.295097
 1.77217
 0.024631
 1.48558
 -1.33387
 0.660936
 0.275048
 0.979704
 0.52334
 1.95875
 1.21989
 1.59088
 -0.602365
 1.12197
 0.378435
 0.629436
 -0.601364
 1.10814
 0.0877776
 1.01438
 0.988017
 1.02322
 0.316622
 1.51669
 0.0601553
 -0.408059
 0.787653
 0.387804
 -0.0462462
 0.215403
 0.552031
 0.133219
 -0.121255
 0.504212
 2.13644
 1.92734
 0.954656
 -0.214612
 -2.17134
 -0.126332
 -1.83294
 0.442177
 -1.64569
 -0.890543
 -1.48715
 -0.573388
 0.370677
 0.175651
 1.28468
 1.24057
 1.10507
 1.1733
 -0.103255
 -0.207439
 0.547496
 -1.67401
 -1.04079
 -0.154315
 -1.42964
 -0.487986
 0.665554
 -0.95788
 0.931016
 1.57356
 1.6276
 1.95926
 0.570928
 0.261685
 -0.600235
 -1.16893
 -2.0087
 -1.95251
 -1.04305
 -1.28362
 -1.60224
 -0.663108
 -0.117236
 1.10829
 0.86545
 0.445087
 0.906659
 -1.57094
 0.177386
 -1.62809
 -0.0528869
 -0.0535203
 -0.134616
 -0.633872
 0.152721
 1.89218
 0.94968
 1.5828
 1.98585
 2.22911
 1.37626
 2.28301
 1.57027
 1.70539
 1.32953
 2.03718
 1.63615
 0.595764
 -0.238777
 0.860062
 1.29504
 1.17504
 1.2762
 2.06337
 0.102581
 0.910946
 -2.26723
 -0.580874
 -1.45529
 -1.36362
 -0.47933
 0.214115
 -0.492492
 -0.974942
 -1.66347
 -1.81723
 -1.42785
 -2.05484
 -2.07019
 -0.82796
 -1.33646
 -0.529102
 -0.00338634
 -0.139062
 0.865355
 -0.0193804
 -0.232467
 -0.892579
 -0.0962744
 -1.91939
 0.965446
 -1.12057
 0.814405
 -0.209444
 2.24729
 0.741959
 0.948341
 0.0599798
 1.15632
 0.199333
 0.572346
 0.824265
 2.20088
 0.516643
 1.17748
 -0.313273
 1.44496
 0.279651
 -0.277504
 -0.106592
 -0.127673
 -0.475779
 0.0860976
 1.35312
 0.905854
 0.332216
 0.199369
 -0.923323
 -0.641087
 -0.751031
 0.548988
 2.2314
 1.02858
 1.73518
 2.51709
 1.32845
 1.84923
 1.49186
 1.94046
 -0.881458
 -0.140068
 0.764949
 -0.733258
 -0.260242
 -1.12332
 0.569484
 0.612586
 -0.598713
 0.494631
 0.659828
 -1.60457
 0.955414
 -0.553179
 -0.733187
 0.945184
 -0.110165
 0.539927
 -1.00764
 0.104217
 -1.6797
 -1.30643
 -0.527333
 -1.09965
 -0.244214
 0.500862
 0.79142
 0.772096
 1.02538
 0.71573
 2.15715
 1.00112
 0.748865
 0.920112
 -1.09137
 -0.792098
 0.816359
 1.01385
 1.3383
 1.84574
 0.425778
 0.147141
 -0.190373
 0.221286
 0.741174
 0.159666
 -0.160152
 -0.871148
 -0.127457
 -0.0337514
 -0.378373
 0.134937
 -1.16839
 1.15539
 0.125706
 -0.938347
 -0.604621
 -0.954745
 -0.828988
 -0.201746
 -1.61528
 -0.856217
 -2.3168
 -1.51258
 -2.83169
 -2.1503
 -1.67929
 -0.588143
 0.583943
 -0.904335
 -0.513346
 -0.256713
 -0.045013
 -0.157722
 -0.197598
 1.82255
 2.70765
 2.26767
 1.61818
 0.827838
 -0.777274
 0.219859
 1.70173
 0.507139
 0.154752
 -0.511838
 0.7001
 -0.865107
 0.269533
 -0.281416
 -0.389634
 0.087068
 -0.858656
 0.909733
 -0.240589
 -0.509214
 -0.615336
 -1.64354
 -1.70442
 -0.802792
 -0.984902
 -1.53031
 -1.287
 -0.527493
 1.10855
 1.17761
 2.52899
 1.75126
 2.72355
 2.4888
 1.01429
 1.38416
 0.106852
 1.92775
 2.15151
 2.3226
 2.19495
 1.62665
 2.2236
 1.1622
 2.58494
 1.34376
 0.896137
 0.85876
 1.57172
 0.892888
 1.40209
 -1.03729
 -0.167727
 0.719393
 -0.978463
 1.09085
 0.151137
 1.49566
 0.633285
 1.50788
 1.57948
 2.73708
 0.876071
 2.41052
 0.835581
 0.698755
 0.885701
 0.504785
 0.754769
 1.49381
 1.07275
 0.429233
 -0.763743
 -0.29351
 -0.594351
 -0.193121
 0.791689
 0.341879
 1.89489
 1.47019
 1.46976
 0.731519
 -1.0075
 -0.0473267
 0.159845
 -0.217887
 -0.834119
 0.970369
 -0.474535
 -0.0479245
 0.400204
 -0.0965392
 0.369532
 0.113947
 -0.181207
 0.784271
 -0.294295
 -0.0740812
 -0.019215
 -0.852969
 -0.221837
 -1.52699
 -0.683013
 -0.558918
 -0.9238
 -0.517448
 -0.293534
 -1.55701
 0.211831
 -1.76218
 -0.5016
 -0.682372
 1.44896
 0.567792
 2.22604
 0.956831
 0.0763866
 -0.869978
 -1.50476
 -0.515604
 0.71212
 -0.325913
 -1.01247
 -1.25084
 -1.82338
 -0.263339
 -0.599671
 0.567069
 -0.388995
 -0.184884
 -0.149639
 -0.174087
 -0.963059
 -0.0640887
 0.0941501
 0.186368
 0.481135
 1.68801
 1.49701
 0.531184
 -0.00107435
 0.336762
 1.5554
 1.39719
 0.928643
 0.676742
 0.930846
 -0.244144
 -0.253528
 0.812237
 0.799661
 0.308364
 -1.1154
 -1.3576
 -1.29842
 -0.0292708
 -0.227394
 -0.0302957
 -1.4317
 0.0487035
 -1.41416
 -0.18958
 -1.3297
 0.87061
 0.137151
 1.78701
 -0.563627
 0.955431
 0.979411
 0.0109467
 -0.538466
 -1.32416
 -1.38736
 0.373111
 1.23686
 0.554856
 -0.857008
 1.29281
 -1.03345
 1.33215
 -0.529728
 -0.270043
 -1.30511
 0.764236
 -0.710244
 0.575969
 -2.1068
 -1.32615
 -0.640578
 -1.1276
 -0.807145
 -0.806407
 0.00424465
 -0.772444
 0.154216
 -1.01029
 -1.31708
 0.373533
 -0.33368
 -0.734646
 -0.448166
 0.129618
 -0.520091
 0.0451806
 0.571611
 0.941399
 0.870426
 -0.494788
 0.438031
 -1.64665
 -0.326519
 -1.01703
 -0.748074
 -1.51943
 -0.955225
 -0.56365
 -1.42693
 -0.550973
 -0.498307
 -0.0728143
 -1.01993
 -1.02184
 -0.294893
 0.0303841
 -0.308773
 -1.39856
 -0.988912
 0.709877
 -1.2107
 -0.537187
 0.190512
 0.738454
 0.342928
 -1.17615
 -0.673453
 -0.433605
 -0.284408
 0.803488
 -0.0129783
 -1.07748
 0.531037
 0.318715
 0.985431
 0.697854
 -0.584046
 0.212451
 -0.79741
 -0.069614
 -1.59636
 -0.0247797
 -1.95632
 0.0602342
 -0.976462
 -1.49003
 -0.790971
 -2.50081
 -1.88463
 -2.52194
 -1.76285
 -0.929662
 -2.41059
 -1.09338
 -1.83797
 -1.86492
 -2.43345
 -2.546
 -1.26587
 -0.211634
 0.193265
 -1.51522
 -1.24007
 -0.243931
 -1.13471
 -0.494362
 -1.90239
 -1.13595
 -2.46994
 -0.0126191
 -1.72149
 -0.24094
 -0.693071
 -0.850821
 0.135623
 -0.896137
 -0.569242
 -1.70638
 1.5896
 1.20763
 2.18151
 1.35287
 0.933198
 1.03551
 1.29411
 0.936573
 0.109144
 -0.951052
 -0.458632
 -0.252352
 0.0897236
 1.09045
 -0.617416
 1.1666
 -0.473163
 -0.635166
 0.417916
 0.296459
 0.218078
 0.113942
 -2.16696
 -0.24192
 -1.1945
 -1.43586
 -0.255593
 -1.75565
 -0.0183865
 0.347308
 2.12201
 1.8441
 0.268207
 2.06272
 -0.593908
 1.26142
 1.34114
 -0.399389
 0.167933
 -0.397543
 1.32477
 -0.829724
 0.803611
 -1.81167
 -0.666126
 0.670187
 -0.677196
 -1.77857
 -1.59919
 -1.83698
 -1.38214
 -1.31195
 -1.73366
 0.582491
 -1.05227
 1.3334
 -1.03179
 0.130851
 0.869589
 1.76989
 1.35471
 1.1318
 -1.82845
 0.514818
 1.21899
 -0.211883
 0.055739
 -0.311663
 -0.30638
 -0.354612
 0.992636
 1.01663
 1.44547
 1.73637
 1.92387
 2.80004
 2.6725
 2.42799
 2.7718
 1.93266
 1.90621
 0.901775
 1.91481
 0.515301
 0.48051
 -1.62655
 -1.45827
 -2.15798
 -0.690183
 -0.145727
 0.185742
 0.169136
 -0.144843
 0.94071
 1.76861
 1.63286
 2.29498
 1.37165
 0.195015
 0.637323
 0.558959
 0.041496
 0.650564
 -0.82897
 1.473
 -0.489798
 -0.0902693
 -0.0766281
 -0.648088
 0.619167
 -1.71332
 -0.377503
 0.155718
 2.1605
 1.86507
 1.34248
 1.25191
 1.28929
 -0.527394
 -0.0551527
 0.249961
 0.527648
 -0.0398345
 -0.893093
 -0.326768
 -0.739822
 0.0382964
 0.282024
 -0.854299
 -0.569507
 -0.889561
 -0.469456
 -2.20099
 -0.703477
 -1.97173
 0.168066
 0.166136
 1.36891
 0.316094
 1.76274
 1.22382
 1.35435
 -1.22845
 -1.61144
 -1.5547
 -0.882897
 -1.11115
 0.738909
 -1.15517
 -0.908732
 -0.364519
 0.000860268
 -1.59494
 0.560149
 -1.15414
 0.827136
 -1.15019
 0.0934945
 0.680709
 1.04335
 0.943311
 0.275898
 -0.394042
 -0.91372
 -1.80809
 -1.94591
 -2.33273
 -1.70822
 -2.26918
 -1.54204
 -1.38696
 -0.0555812
 -2.18095
 -0.755955
 -2.47503
 -1.24003
 -1.46521
 0.132354
 -1.05939
 -0.555175
 -0.451612
 -1.71102
 -0.253383
 -1.06657
 -0.310116
 -0.56903
 -0.886823
 -2.35589
 -0.557962
 -1.07887
 -0.230482
 -0.469803
 0.203602
 0.776535
 0.461547
 -0.431898
 -1.66033
 -0.463967
 -0.919902
 0.560677
 0.657353
 -1.33195
 -0.484678
 0.325253
 0.0015584
 -0.894414
 1.65461
 0.0553744
 0.0353313
 -0.451675
 0.9599
 1.8225
 2.34981
 2.1275
 2.14805
 1.10207
 -0.067844
 1.5007
 2.09258
 0.34968
 1.41464
 0.881137
 2.35375
 1.95601
 0.807694
 1.46637
 1.21848
 2.24309
 2.0406
 2.31654
 2.60822
 1.91443
 2.40038
 1.46711
 0.215785
 1.00511
 0.352888
 -0.202484
 0.771245
 0.329954
 0.875591
 1.68787
 0.895044
 1.43716
 1.54359
 -0.0270221
 -0.756585
 -0.844359
 -1.61728
 1.27954
 1.43741
 1.3948
 0.5294
 1.49332
 1.62487
 0.58466
 0.278683
 0.327482
 0.934218
 1.8473
 1.90404
 2.08678
 1.11237
 0.90635
 1.01209
 2.82352
 2.65924
 1.69581
 0.341075
 0.513683
 1.27522
 1.50136
 -0.44988
 1.19043
 0.373395
 0.519516
 1.19505
 1.22472
 1.06655
 0.00218823
 0.349139
 -0.162823
 0.907236
 -1.75239
 0.382156
 0.137028
 1.53752
 0.642551
 1.89888
 -0.359347
 0.877988
 -0.0811043
 1.80511
 1.08539
 -0.414937
 0.380581
 0.841701
 -0.670316
 -0.964811
 -0.216741
 0.765487
 1.19291
 0.79285
 0.7444
 1.07057
 2.21097
 1.27326
 0.645308
 -1.00218
 -1.02611
 -1.1451
 -1.36488
 -1.9289
 -2.06884
 0.476399
 -0.108125
 1.43296
 1.42885
 2.29835
 1.05917
 0.663285
 -0.556442
 0.000488332
 -1.93371
 -0.104143
 -0.212768
 -1.49118
 0.821094
 0.302899
 -0.0746787
 -0.546565
 0.777043
 0.212448
 1.70634
 -0.64287
 -0.18732
 -0.69264
 -2.21989
 -0.221119
 -0.628442
 -0.442144
 0.397053
 0.469632
 1.94104
 1.76692
 2.55848
 2.07874
 1.51533
 0.520378
 1.92499
 0.948403
 1.22873
 -0.481369
 0.608833
 -0.696949
 -0.958866
 0.0206893
 1.87261
 0.475713
 1.79935
 -0.29761
 0.868277
 0.491136
 -0.630579
 -0.976429
 -2.30821
 -1.96939
 -1.2606
 0.500583
 0.0157833
 0.468437
 1.30938
 1.25027
 1.69324
 0.14116
 0.242324
 0.873244
 1.09315
 1.32123
 1.31017
 -0.283349
 0.145405
 -0.737374
 -0.739637
 -0.0664722
 0.743918
 -0.285556
 -1.37655
 -0.0819884
 -0.120142
 -1.41762
 -1.47026
 -0.237648
 -1.95142
 -0.681086
 -1.67737
 -0.327947
 -0.11253
 0.400535
 -0.179655
 1.75323
 -0.154514
 -0.734261
 -1.31958
 -1.53698
 -0.939552
 -0.69237
 -0.301381
 0.181942
 -1.1017
 1.66568
 0.763502
 1.3515
 1.84532
 0.523273
 -0.523146
 -0.0578317
 -0.36044
 0.730401
 -0.169107
 1.63676
 0.843373
 1.73391
 -1.16411
 0.176343
 -0.618867
 -0.477993
 -1.71158
 -1.02223
 -1.94724
 -0.206597
 -1.44014
 -0.477744
 -2.04036
 -0.190157
 -0.089275
 -1.10883
 -1.76548
 0.389001
 -0.780842
 0.100765
 -0.34478
 0.171485
 -0.235615
 1.58007
 0.446953
 1.18446
 0.423751
 2.36641
 0.708601
 2.25035
 0.922582
 1.54056
 1.57363
 1.67584
 0.172844
 -1.03816
 1.76637
 1.18661
 1.50279
 -0.562284
 0.690744
 0.276965
 1.01155
 1.24022
 1.07252
 -0.314873
 1.11795
 -0.844676
 0.0252359
 -0.56295
 -0.669907
 -1.15225
 1.594
 -2.24318
 -0.241404
 -2.45428
 -1.37237
 -2.95174
 -1.84065
 -1.88094
 0.190985
 -1.12047
 0.206886
 0.262243
 -0.388019
 0.990077
 0.665
 0.0674823
 0.0546761
 0.371215
 2.35808
 1.61621
 1.6715
 0.927346
 0.70002
 0.606982
 -1.47597
 -0.607481
 -2.00405
 -1.62626
 -2.83333
 -2.00986
 -2.06734
 -1.45846
 -1.08049
 -1.38295
 -0.11931
 -0.245852
 -0.964962
 -1.31021
 0.496811
 -0.890074
 0.99723
 -0.00267002
 0.21389
 1.04621
 -0.0714057
 -0.603656
 0.256016
 0.653099
 0.461573
 0.209665
 -0.384148
 1.19807
 -1.66515
 0.488235
 0.179824
 1.22914
 -1.37687
 -1.98322
 -2.41384
 -1.27349
 -1.91981
 -1.69202
 -2.39902
 -1.50854
 -1.6495
 -1.44133
 -0.40484
 -1.49448
 0.546125
 -0.905946
 0.39929
 0.0527591
 0.987198
 1.11104
 0.168925
 -0.380273
 -0.218696
 0.110602
 0.141888
 -1.06451
 1.08544
 0.712623
 1.7523
 1.22344
 1.12681
 0.328306
 -0.411124
 0.918488
 0.314874
 -1.13895
 0.341613
 0.634946
 -0.517626
 0.179351
 -0.127552
 -0.720248
 -0.37043
 -1.57288
 -0.0904499
 -0.409891
 0.446903
 0.154843
 1.81803
 -0.911263
 -0.216643
 0.061993
 -2.14473
 -1.02383
 -1.98158
 0.54279
 1.23769
 0.386055
 0.308898
 -0.385317
 0.899915
 -0.947443
 1.79714
 0.83616
 1.43292
 -0.898634
 1.29751
 -0.375469
 1.07672
 -0.470659
 2.07385
 -0.203523
 0.621284
 0.778727
 0.100338
 1.01446
 1.06549
 -0.229419
 0.0979482
 0.0410942
 -0.882227
 -1.17683
 0.908933
 -1.46236
 -0.543866
 -1.8122
 -1.57805
 -1.69147
 -2.06064
 -0.070566
 0.156708
 1.65117
 2.52423
 1.82819
 1.72393
 1.94717
 1.50167
 1.09863
 1.60432
 1.11039
 2.0406
 0.676296
 2.17237
 1.05401
 2.06884
 1.67012
 1.63781
 0.565341
 1.9434
 -0.463673
 0.502818
 -0.928766
 0.606218
 1.1153
 0.397879
 -0.0135736
 0.265786
 -2.17144
 -1.46146
 -2.37249
 -1.98685
 -1.71638
 -1.60863
 -1.8144
 -2.28368
 -1.23361
 -1.48789
 -0.6109
 -1.0916
 -0.793133
 -0.284797
 -1.53534
 -0.903489
 -2.19753
 -0.302242
 -1.03926
 -0.629127
 -0.0317169
 0.360346
 0.331849
 0.540114
 0.667374
 0.941233
 0.654448
 -1.20097
 -0.446706
 0.00227818
 1.06295
 0.0238122
 0.421618
 -0.505933
 -0.339524
 0.304166
 0.836878
 0.523878
 -0.436803
 0.104589
 1.81805
 1.4938
 0.817321
 0.967765
 1.60956
 1.28105
 2.61782
 0.571073
 0.172107
 -0.0113051
 1.13192
 0.565625
 -0.245887
 -0.770994
 -0.995294
 -1.21307
 -2.38735
 -1.35507
 -1.5146
 -0.563012
 -0.25029
 0.0584708
 -0.798308
 -0.928418
 -0.948215
 -1.89654
 -1.86989
 -0.302818
 0.130804
 1.01103
 -0.261121
 -0.120343
 0.253682
 0.630037
 1.08631
 0.56415
 0.830345
 -0.627455
 0.0478671
 -0.882214
 -0.247753
 -0.755077
 -0.184168
 -1.56283
 -1.41963
 -1.14764
 -0.984494
 -1.97773
 -1.79832
 -2.1888
 -1.70745
 -1.7097
 -0.837271
 -1.22326
 -0.287967
 -1.46767
 0.277642
 -1.38719
 -0.751091
 -1.67648
 -0.955849
 0.0371209
 -1.69664
 -0.958463
 -0.760614
 0.515182
 1.8871
 0.620478
 1.23719
 0.4874
 0.699426
 -0.435554
 -0.493418
 -1.67528
 -0.47913
 0.485253
 1.03208
 -0.112091
 -0.701106
 -1.04296
 0.355363
 -0.0855581
 -0.828719
 -1.30205
 -0.457756
 1.2757
 0.168354
 2.57437
 0.335191
 0.951877
 -0.0413951
 0.590216
 1.32659
 0.114183
 -0.459389
 0.652662
 0.621756
 -0.501477
 -0.172815
 -0.346731
 -1.82974
 -1.94866
 -0.484511
 -1.35508
 -1.11585
 -0.618473
 -1.65407
 0.443115
 -1.12189
 -1.26553
 -1.71065
 -2.10265
 -1.31031
 -0.914294
 -0.915564
 -0.0487652
 -0.430005
 -1.75343
 -1.0278
 -1.36838
 -0.741624
 -1.25221
 -1.76104
 -1.17569
 -0.871786
 -1.06718
 -2.16874
 -2.52639
 -0.899936
 -2.50492
 -0.533552
 -0.614952
 -0.353576
 0.569535
 -0.140024
 -1.29663
 -2.47034
 -0.5358
 -1.49166
 0.68777
 0.750162
 -0.318555
 -0.731481
 -0.396568
 -0.0839817
 -1.55994
 -0.661471
 -2.56811
 -1.38642
 -1.22595
 0.711314
 -0.226393
 1.17202
 -0.192812
 0.74511
 0.73794
 -0.48849
 -1.33861
 -0.41244
 -0.886544
 -0.613847
 -0.0530535
 0.672495
 -0.516419
 -0.190611
 0.0159449
 1.45996
 -0.439149
 -0.064026
 -0.127194
 0.728748
 -0.482484
 -1.24982
 -1.27764
 -1.75361
 -0.909663
 -0.72074
 0.552249
 0.411757
 -0.866058
 -0.858371
 -0.576421
 -0.291618
 0.621321
 -1.27325
 0.5084
 -0.178323
 0.758633
 1.52514
 -0.615606
 0.734965
 0.413911
 0.0490607
 0.994577
 2.32516
 2.115
 1.89114
 0.95769
 1.401
 1.92301
 0.281787
 0.944686
 0.603186
 0.750334
 0.18525
 1.66806
 1.34728
 1.40436
 0.355719
 0.971954
 -0.707749
 0.750659
 -1.00616
 -0.548819
 1.3383
 1.28642
 -0.0386093
 1.46952
 1.44282
 2.1596
 1.93753
 1.90462
 2.48436
 2.60548
 -0.467711
 2.40898
 0.281405
 -0.304313
 1.92883
 0.993851
 -0.338545
 0.985396
 -0.438182
 0.0265277
 -2.53204
 -1.71536
 -1.45549
 -0.779414
 -0.912998
 1.19323
 0.799659
 0.811344
 1.91118
 1.34237
 0.710343
 -0.710984
 0.152154
 0.119982
 1.12516
 0.189841
 1.75536
 1.28488
 1.79608
 0.747188
 0.82015
 1.06746
 -0.0799864
 -0.251907
 0.482671
 0.244466
 1.12796
 0.602704
 0.0770813
 1.61537
 0.590574
 0.479637
 0.132139
 0.97926
 -2.24058
 -0.642681
 -2.07679
 -0.847305
 -0.588923
 -1.99554
 -0.761447
 -1.73246
 -1.4902
 1.14408
 0.908464
 0.384241
 -0.994612
 -0.0710108
 -0.872403
 0.282562
 0.720086
 -0.213938
 -0.2714
 -0.137044
 0.0643029
 -0.497714
 1.48182
 0.238471
 -0.396883
 -0.630512
 0.157596
 -0.629856
 -0.531069
 -0.063742
 -0.944075
 -0.226069
 -0.641354
 0.641834
 -0.451203
 -0.0343012
 -0.522651
 -1.62372
 1.29736
 -0.507881
 -0.401819
 0.267778
 -1.10795
 -1.42519
 0.910198
 -1.2924
 0.310541
 0.956759
 0.0699259
 1.69922
 0.598497
 -0.582238
 0.959033
 1.14683
 1.74057
 0.467086
 0.77546
 0.481379
 1.55333
 1.57001
 0.89576
 1.8666
 2.24169
 0.920767
 -0.548501
 -1.28944
 -0.615762
 -2.59861
 -2.13306
 -1.373
 -0.880176
 -0.62608
 -1.70296
 -2.79779
 -2.67601
 -2.47869
 -2.55814
 -2.85588
 -2.473
 -3.24018
 -3.17219
 -2.54692
 -1.45962
 -0.628071
 1.09677
 -0.851003
 -1.12366
 -2.00695
 0.265721
 -0.811618
 0.791773
 0.17504
 1.34858
 -0.397396
 -0.486614
 -0.336901
 -0.489804
 -0.347082
 0.0943916
 -0.423815
 -0.625044
 -1.3935
 -0.537565
 -0.915179
 -0.515784
 0.100313
 1.19259
 -0.484551
 1.39249
 0.80101
 1.11857
 0.481249
 0.522666
 -0.60476
 1.39008
 1.97845
 1.21555
 0.706415
 2.04547
 2.32583
 0.15256
 1.49006
 -1.03875
 -0.448098
 -1.7753
 -0.844843
 -0.700821
 0.18962
 -0.409013
 -0.0149708
 -1.64587
 -0.203367
 -0.683537
 -0.499529
 0.295418
 1.17842
 -0.144064
 -0.791317
 1.29753
 0.350919
 0.131229
 -0.0913591
 0.196467
 -1.15087
 -1.50665
 -2.02802
 -1.61747
 -1.49779
 -1.01468
 -1.73133
 -1.76612
 -1.31113
 -0.387292
 -0.877656
 -0.888742
 1.31749
 -0.0363549
 -0.0631748
 1.8857
 1.60641
 1.90618
 1.96053
 1.8587
 1.60927
 0.979178
 0.323116
 1.32598
 -1.32113
 0.886456
 0.259023
 0.466784
 1.08582
 -0.764793
 1.61054
 0.255945
 -0.226528
 -0.994838
 1.40271
 -1.52107
 1.99734
 0.204423
 0.907978
 -0.907599
 1.16428
 0.352819
 0.16089
 -1.2145
 -0.907637
 -1.06254
 0.488268
 -0.352753
 0.891762
 0.292345
 -0.409159
 -0.725953
 -0.180159
 0.100379
 -1.45464
 -0.912406
 -0.930219
 -0.390943
 0.737378
 -0.176779
 0.372619
 -0.0301401
 1.10615
 -0.126005
 0.807451
 -0.215259
 2.29815
 -0.52279
 0.409111
 -0.252914
 0.283771
 -1.28085
 -0.154868
 1.00245
 0.0451208
 0.821736
 -0.0524698
 1.40961
 0.65429
 1.70089
 0.945764
 1.94132
 2.00007
 1.2847
 0.33988
 0.13485
 -0.844321
 -1.05496
 0.605259
 -0.124978
 -0.415281
 -1.38885
 -0.676437
 -0.495853
 -0.738179
 0.504396
 -2.00244
 -0.270739
 -1.84922
 -2.26751
 -2.26008
 -0.830109
 -0.626374
 0.843035
 -0.882968
 1.19477
 0.0829551
 0.454204
 -0.853374
 -1.36361
 0.0659278
 -0.599521
 -0.589382
 0.519925
 0.92878
 0.264554
 -1.19131
 -0.980032
 -1.78899
 -0.532575
 -1.50912
 -0.484738
 -2.11689
 1.48207
 0.140001
 0.763861
 -0.515843
 -0.400743
 0.135832
 0.192478
 1.30743
 -1.04016
 -1.49798
 -1.87763
 -1.9646
 -0.497559
 0.211581
 -0.385819
 0.455063
 -0.0581522
 0.604947
 -1.03896
 -1.10397
 -2.08402
 -1.83507
 -1.74231
 -0.971439
 0.971256
 0.537373
 1.29909
 1.84411
 -0.456471
 1.2829
 0.200005
 0.185188
 -1.21775
 0.596204
 -0.275831
 0.882879
 0.0609928
 1.51149
 0.686431
 1.087
 0.0569888
 -0.574652
 -0.344222
 -1.00513
 0.640983
 -0.289654
 0.140943
 -0.00385447
 0.915082
 -1.26248
 0.875976
 0.508673
 -0.495523
 0.157108
 1.41608
 -0.367028
 0.392504
 -2.27604
 0.073832
 -0.915559
 0.859161
 0.743927
 0.41892
 0.698051
 0.33544
 -0.53163
 0.321344
 -0.551862
 0.0748155
 0.776344
 0.623397
 -0.532678
 1.75837
 0.407858
 1.07355
 2.11109
 0.480849
 1.80956
 1.57268
 -0.072238
 0.399037
 -0.0340018
 1.57391
 -0.280326
 0.793705
 -0.0260179
 1.36035
 0.628148
 2.17688
 0.974209
 1.26926
 1.44416
 0.678098
 0.47183
 0.218103
 0.142301
 -0.816253
 -0.344869
 -0.324469
 1.1052
 1.30359
 -0.354136
 -1.02714
 -0.662335
 0.693724
 0.124068
 0.455382
 -0.692039
 -0.38748
 -1.18646
 -0.846424
 0.392344
 0.343434
 -0.592676
 0.112668
 0.43406
 2.58362
 2.13858
 0.62581
 -0.242043
 -0.692183
 -0.160807
 -0.23862
 0.722133
 0.614512
 0.481848
 0.3288
 1.4721
 0.263509
 -0.508648
 0.556579
 0.212161
 1.17586
 0.804815
 1.22588
 0.0211551
 0.45179
 1.67729
 2.58581
 1.53657
 -0.104537
 1.0567
 -0.696201
 0.578908
 -0.610403
 1.34116
 0.496802
 0.726135
 -1.13965
 -0.733439
 -1.49246
 -0.967389
 -0.839716
 -1.24714
 -1.50909
 -2.08545
 -1.48968
 -2.59613
 -2.04434
 -2.6716
 -1.24658
 -0.326989
 -0.452709
 0.572614
 0.825027
 0.831469
 0.197134
 -0.235142
 1.51006
 1.39208
 0.881173
 0.755185
 1.88288
 2.67183
 1.97805
 0.578612
 -0.65573
 0.130111
 0.0724553
 -0.285763
 1.32211
 0.366262
 -0.48606
 0.226281
 1.42519
 -1.37751
 2.15896
 -0.532783
 1.93548
 0.69456
 0.253067
 -0.273854
 -1.12824
 0.148088
 -0.779611
 0.833227
 0.298108
 2.13833
 1.92646
 1.199
 1.6827
 0.00440398
 0.228236
 -0.52253
 0.92367
 1.55077
 -0.05664
 0.727551
 -1.28545
 -0.7265
 -1.57899
 0.294188
 -1.51353
 1.95197
 -0.912954
 -0.716666
 -1.90418
 -1.56538
 -1.1945
 -1.28534
 -0.431218
 -0.349995
 0.683248
 1.60086
 0.513556
 0.670739
 0.0533622
 -0.63304
 1.11955
 1.44268
 0.913804
 1.92954
 2.18379
 1.95573
 1.53873
 1.49649
 0.541029
 1.64811
 0.695042
 0.888565
 1.84157
 0.352156
 2.07515
 2.36112
 1.00843
 1.20672
 1.50088
 0.154216
 -1.01715
 -0.291434
 -0.826509
 1.03599
 0.418006
 0.609821
 0.553798
 -0.37051
 -0.224037
 1.03423
 0.326882
 -0.523887
 -0.933714
 -1.42681
 -1.41881
 -2.00584
 -1.48105
 -0.749359
 -2.67364
 -1.19116
 -1.09676
 0.908357
 1.52716
 1.03147
 0.995545
 -0.146451
 0.0937164
 -1.30826
 -0.320341
 -2.12209
 -0.173934
 -2.79107
 -1.35959
 -1.77297
 -2.47625
 -0.327913
 -0.70928
 -1.07876
 -1.03653
 0.0474974
 -1.1929
 0.776636
 -0.28419
 0.675233
 -0.886653
 0.182458
 -1.66959
 -0.530792
 -0.229224
 -0.382852
 0.634494
 2.43736
 1.81245
 -0.380748
 0.272259
 -1.66789
 1.23506
 -0.401989
 1.44411
 0.425681
 0.835646
 1.27969
 1.29425
 1.36182
 1.86369
 1.06312
 0.569878
 0.557132
 -0.239168
 0.0739806
 0.0468049
 0.321081
 -0.0785071
 0.851497
 -0.275815
 -0.370568
 0.89034
 1.51896
 -0.137352
 1.18888
 -0.576814
 0.57177
 -0.523688
 -0.135941
 -1.05888
 -0.33206
 -1.00551
 -0.647865
 -1.09957
 -1.05614
 -1.99438
 -0.961737
 -1.14535
 0.163278
 -0.0459103
 0.298137
 0.355996
 1.01365
 0.342015
 -0.541679
 -2.00508
 -0.157109
 -1.43509
 -1.59688
 -2.31382
 -1.72757
 -1.52614
 -2.6811
 -2.69314
 -2.25483
 -2.6503
 -2.30651
 -1.03016
 -0.781399
 0.713622
 0.635325
 0.843077
 2.01165
 0.767414
 1.0074
 1.51685
 2.03173
 0.150488
 0.802036
 0.60346
 0.129116
 0.554816
 1.84573
 1.3577
 0.234905
 0.329035
 1.26928
 0.850092
 -1.21954
 0.272456
 -2.08114
 0.393959
 -2.1114
 0.518678
 -1.32079
 -0.794002
 -0.689553
 -0.101777
 0.197974
 1.39828
 -0.16297
 0.296599
 1.47937
 1.46059
 0.789349
 0.378677
 0.365727
 0.528646
 1.14445
 -0.833333
 -0.314262
 -1.60608
 -0.397112
 0.187623
 -0.740103
 0.874665
 -0.384441
 1.52468
 -0.723415
 1.26752
 1.53742
 2.4127
 1.35436
 0.470288
 -0.46789
 -0.530266
 -0.800583
 1.13104
 0.141941
 0.533641
 1.76387
 -0.346141
 -1.06606
 -1.50296
 -0.185471
 -0.147614
 0.0905342
 -1.45429
 1.1888
 -0.108172
 -1.21109
 1.07648
 -0.395136
 0.162566
 -1.23557
 -0.104682
 -1.04239
 0.573102
 -0.794204
 1.57202
 -0.00323253
 0.972901
 -0.464376
 0.442604
 -0.284553
 1.0911
 1.42868
 2.12547
 2.1531
 2.22796
 2.77972
 2.1315
 1.19379
 -0.788759
 1.85002
 -1.07078
 -1.22703
 -0.442931
 -0.542251
 -0.482952
 -2.09879
 -1.15768
 -0.687248
 -0.619943
 -0.755061
 -0.936142
 -1.16897
 -0.990797
 -0.273329
 -0.262323
 -2.02158
 -1.49201
 -1.62906
 -1.38328
 0.271683
 0.0209642
 1.75538
 0.517773
 0.759584
 0.746365
 0.945172
 -0.615476
 0.972738
 -0.37751
 -0.290239
 -1.1948
 -1.58715
 -0.818734
 -1.32765
 -1.9506
 0.793068
 0.458816
 0.806056
 -1.60983
 0.578946
 -1.71064
 0.803461
 -1.13891
 -0.527247
 -1.1474
 -1.57073
 -1.50827
 -1.75352
 -1.51934
 -1.5607
 -0.853306
 -0.50285
 -0.415272
 0.708918
 -0.732478
 1.69967
 1.05503
 1.32233
 1.20156
 -0.720274
 0.411465
 -1.57843
 -1.33872
 0.964625
 -0.592807
 -0.680352
 -2.4024
 -0.0979093
 -2.38952
 -0.89132
 -2.56963
 -1.39865
 -0.946544
 0.975038
 0.21502
 -0.326852
 1.05748
 0.557338
 1.79329
 0.224183
 -1.11362
 0.00572515
 -0.842821
 0.645089
 2.03118
 1.3227
 0.930235
 -0.779146
 0.347048
 0.446962
 1.44797
 -0.201792
 0.651891
 1.72609
 0.460409
 -0.510556
 0.65791
 -1.35196
 -1.01851
 0.885437
 0.613621
 2.2704
 2.03142
 1.37941
 1.7183
 -1.01421
 -0.168071
 0.352383
 -0.26268
 -0.27478
 -0.602936
 0.827324
 1.6511
 1.15449
 1.56684
 0.208388
 0.256219
 -1.21436
 0.494757
 -0.0953709
 1.39102
 1.6155
 0.0971673
 1.35378
 0.275784
 -0.259288
 0.373361
 0.172944
 -0.0243051
 1.02336
 0.606955
 1.0645
 0.535181
 -0.3575
 0.341375
 -0.606742
 0.997733
 1.5473
 0.995226
 -0.300583
 -1.6093
 -0.409154
 -0.380272
 0.459224
 0.658389
 -0.966095
 -0.795741
 -0.764082
 0.564677
 0.428926
 1.17209
 0.268834
 -0.346535
 -1.09783
 0.82644
 -1.38465
 -1.07219
 -1.22342
 0.360513
 -0.469637
 -0.468484
 0.341083
 -0.199063
 0.336994
 0.362619
 -0.108164
 0.108152
 1.52883
 1.01008
 -0.204448
 0.93679
 -0.253467
 0.999362
 -0.84626
 -0.404053
 -0.556942
 -1.77464
 -0.0832759
 0.938582
 0.823212
 1.8613
 2.09
 2.28052
 0.988128
 0.67279
 1.32796
 1.40024
 1.60551
 1.56956
 0.018522
 0.464339
 0.434889
 -0.670629
 -0.137411
 0.910476
 1.42637
 0.76501
 1.06769
 0.993192
 0.17035
 1.3704
 1.78094
 1.82417
 2.71368
 1.11181
 2.04786
 1.62081
 0.888451
 1.55456
 1.01485
 0.29294
 1.60309
 1.27412
 1.24503
 0.157084
 -0.115532
 -0.321189
 -0.377191
 -0.4008
 -1.06643
 -0.142484
 0.585086
 -0.965086
 0.409197
 -1.0307
 -0.658867
 -1.0815
 -0.964779
 -1.11577
 1.6269
 0.921337
 2.06328
 1.10053
 0.844245
 0.812588
 1.02343
 1.03863
 0.387805
 -0.973026
 -0.499401
 0.729928
 -0.566986
 -1.22449
 -0.731399
 -1.17325
 -1.85563
 -0.984349
 1.06434
 1.32652
 2.43869
 2.05895
 0.0170694
 0.880977
 0.558403
 2.17738
 1.30537
 1.30328
 0.0505972
 -0.0108378
 1.03939
 1.72907
 0.636726
 0.1687
 -0.0857504
 -0.490595
 0.656334
 0.191517
 -0.230497
 -0.642224
 -0.933758
 0.424281
 -0.840389
 -0.237598
 -0.68428
 -1.03615
 -2.14401
 -1.37784
 -2.55036
 0.263746
 0.514076
 1.19011
 0.572484
 1.78643
 1.03155
 0.675741
 -0.664378
 0.930987
 0.113307
 0.407771
 0.746821
 -0.841559
 1.0895
 0.715268
 1.41936
 0.910213
 1.75802
 0.345583
 1.80821
 0.0510169
 1.53069
 -1.17244
 0.747392
 0.639277
 2.31537
 1.79557
 1.15792
 0.49571
 0.0827605
 0.467528
 -0.335799
 1.61571
 0.273919
 0.775845
 1.94992
 1.65914
 2.23487
 -0.534353
 -0.216516
 -1.93254
 0.426275
 -1.37107
 0.448118
 0.313711
 1.76866
 1.33708
 0.4279
 -0.11157
 0.900441
 -0.372103
 0.530283
 0.234032
 -1.52517
 -1.01631
 -2.08557
 -1.27504
 -2.64307
 -2.10761
 -2.20413
 -0.957397
 -1.74693
 -0.412114
 0.268532
 0.5678
 1.12869
 0.19996
 1.70163
 0.120632
 -0.68125
 -0.256041
 -0.385623
 -0.09658
 0.818422
 -1.25969
 0.283926
 -1.9632
 -1.71542
 -0.305738
 -0.766338
 -0.849828
 -1.12137
 -0.314579
 0.359227
 0.36945
 -0.155257
 -0.71242
 -0.64411
 -0.181963
 -0.0759892
 -0.267763
 -1.25374
 -0.492259
 -1.2231
 1.00332
 2.03441
 -0.064284
 1.03968
 1.64476
 2.8471
 0.685882
 0.842536
 -1.7964
 -1.7823
 -1.51001
 -0.681292
 -0.453472
 0.385591
 -0.227265
 -0.129831
 0.550706
 1.45829
 2.24045
 1.72682
 1.92819
 1.26801
 1.7466
 1.3447
 0.97031
 0.893296
 -0.948828
 1.01886
 -0.357571
 0.676243
 -0.636788
 0.0454405
 1.1827
 0.479245
 0.977074
 0.215795
 0.111786
 -0.499271
 0.027492
 -2.03852
 -1.48997
 -2.57546
 -0.564095
 0.0993672
 0.197974
 -0.885779
 1.11769
 -1.79807
 -0.844509
 -1.98865
 -0.674192
 -1.5647
 -0.377986
 -1.11687
 -0.807223
 -1.36025
 -1.28721
 -0.314573
 0.835965
 0.458567
 -0.234109
 0.727395
 -1.03874
 0.501927
 0.622913
 1.55945
 1.93539
 2.20309
 2.55586
 1.27797
 2.03495
 2.48401
 1.35162
 -0.437132
 -0.211354
 -0.0165051
 0.876639
 -0.320944
 0.957644
 -0.747072
 0.0600909
 0.727447
 2.1827
 0.27092
 0.649995
 1.61637
 1.03668
 1.64677
 -0.365619
 0.688062
 0.993189
 0.365505
 0.971184
 0.701935
 0.476044
 1.09634
 -1.19929
 1.56288
 -1.79339
 1.3583
 0.247718
 1.17041
 -0.263922
 0.892056
 -0.447083
 -0.588324
 -0.408129
 0.224309
 -1.37943
 -0.116874
 -0.189476
 -1.13908
 -2.1445
 -1.18112
 -2.11321
 -2.12839
 -2.10118
 -0.797122
 -1.45866
 -1.3944
 -1.88118
 -1.02899
 -0.888026
 -2.76616
 -0.565464
 -1.57329
 -1.19533
 -0.673261
 -0.896392
 -0.613273
 -0.516508
 -0.971938
 0.128633
 0.0472207
 -1.02323
 -0.962542
 -1.20762
 -1.67958
 -1.97436
 -0.710889
 -2.47685
 0.11185
 -0.344672
 0.754388
 1.44787
 0.971803
 0.0750996
 1.62735
 -0.941485
 0.9547
 -0.381177
 1.25537
 0.913663
 0.143568
 1.339
 -0.0219944
 1.13714
 -0.159388
 -0.256926
 0.371699
 -0.326488
 -2.22452
 -2.44845
 -2.79742
 -1.57292
 -1.47023
 -0.940138
 -0.886191
 0.202689
 -1.57568
 -1.00539
 -0.965951
 -0.196734
 -1.82123
 -1.52743
 -1.60818
 -1.21937
 -0.298578
 -1.18322
 -0.455881
 -0.847245
 -1.49253
 -1.17441
 -1.61528
 -0.159169
 -0.88167
 0.669756
 -1.73109
 1.13177
 -0.015694
 1.52161
 0.813052
 0.148546
 0.99526
 1.92107
 0.732799
 0.296588
 1.08194
 1.49557
 1.27837
 1.42596
 1.04026
 -0.51514
 1.00632
 -0.127342
 1.01973
 0.954599
 0.279032
 0.309275
 0.713588
 -1.32704
 1.19984
 0.285566
 1.87335
 -0.263081
 2.21042
 0.413673
 0.0783315
 -0.00635397
 -0.520436
 -1.22097
 -0.45765
 -0.487309
 -0.0713264
 -1.3585
 -0.328356
 0.68447
 -0.438013
 0.651946
 -1.17385
 -1.81363
 -0.626686
 -1.68611
 -0.271768
 -1.33165
 -0.874765
 -0.408595
 -0.206613
 0.706886
 0.743472
 -0.270947
 0.356764
 0.745541
 -0.884633
 -0.417411
 0.467524
 0.733645
 0.0539538
 1.58989
 0.255397
 1.30132
 0.619803
 -0.137475
 0.278658
 -1.0967
 0.338413
 0.079426
 -1.0333
 -0.16005
 0.693864
 -0.0437965
 -0.517194
 -1.462
 0.0473003
 -0.403732
 -0.392576
 -0.0468787
 -0.347537
 -0.980659
 0.076673
 0.408328
 0.246359
 0.658399
 0.625584
 1.5046
 2.09081
 1.92657
 1.72313
 1.86578
 1.81097
 0.965485
 2.35277
 1.401
 -0.851562
 0.0291974
 0.59033
 -0.237774
 0.120288
 0.173968
 0.0631818
 0.528984
 0.0570984
 1.74494
 0.69328
 1.06733
 0.459186
 -0.45465
 1.34751
 -0.925697
 1.15307
 -0.417094
 -0.10819
 -1.3463
 -0.458423
 -1.83881
 -0.643103
 -0.879207
 -0.052764
 0.748421
 -0.89739
 -0.467797
 -1.35992
 0.142346
 0.480965
 -0.343613
 1.12821
 -0.843028
 0.865912
 -0.834194
 1.43807
 0.093432
 -0.177793
 -1.23948
 -1.3999
 0.380254
 -0.174111
 1.41904
 0.319348
 -0.70104
 0.182754
 -1.20644
 -1.12073
 -1.96096
 -1.63685
 -1.57811
 -1.16604
 -1.07427
 -2.07077
 -0.758133
 -1.12741
 -1.06411
 0.461921
 -0.341422
 -0.552723
 -0.349325
 1.64058
 1.54898
 2.39691
 0.0458816
 1.58701
 1.45667
 0.94684
 1.18183
 -0.381773
 0.742294
 1.0803
 1.31235
 2.25124
 1.04166
 1.58887
 -0.983574
 -0.906774
 0.385189
 1.78589
 1.10371
 -0.0570066
 0.858334
 0.367665
 0.908457
 0.238644
 -1.13508
 -0.610871
 -0.320987
 -0.538009
 0.336518
 0.0939515
 0.497944
 -0.766588
 0.415351
 0.267556
 0.472299
 -0.489436
 -1.76477
 -0.618737
 -0.160354
 1.14182
 0.205804
 0.187569
 -0.120729
 0.932725
 0.964556
 1.58017
 -0.523208
 0.054717
 -1.00319
 -0.642163
 -0.914131
 0.0593718
 -1.09256
 0.819406
 -0.805536
 1.8588
 2.86755
 2.87991
 2.92096
 2.87781
 1.30534
 1.79429
 -0.15827
 -0.329181
 -0.61512
 -0.854635
 0.587321
 0.0212191
 0.90294
 1.50996
 0.142126
 1.90239
 -0.844376
 -1.20487
 -0.248227
 0.0224491
 -0.977117
 -0.706429
 0.549114
 0.447927
 -0.520661
 0.633097
 0.308023
 1.5952
 0.734391
 0.687999
 0.39874
 0.694607
 -0.203009
 -1.20109
 -1.0555
 -1.08203
 -1.55266
 -1.31121
 -1.06957
 -1.66767
 -0.691199
 -0.302767
 -0.606615
 -0.440883
 -0.269727
 0.606454
 -0.924851
 -0.222895
 0.562687
 -0.254226
 1.31163
 -0.491152
 0.441943
 -0.808971
 0.38574
 -0.614317
 -0.332856
 -0.978019
 -1.04431
 -0.35464
 1.26975
 0.216064
 -0.965244
 -0.640036
 0.458055
 -0.734261
 1.00692
 -0.180653
 1.24358
 0.496086
 0.691197
 0.594183
 -1.28184
 -0.671914
 0.372361
 -0.439048
 0.021422
 -0.116981
 -1.05219
 -0.374817
 -1.87289
 -1.57127
 -1.63097
 -2.48767
 -0.490405
 0.073598
 -0.154282
 0.620505
 1.05835
 0.557613
 1.73811
 0.61606
 0.672988
 1.25606
 0.953735
 1.6263
 -0.816381
 1.35242
 -0.833769
 0.982319
 1.12953
 1.87591
 1.87453
 1.5449
 0.517804
 -1.50565
 -0.278831
 -0.283013
 0.944316
 0.611113
 0.26792
 -0.0314593
 -1.44639
 -2.35831
 -2.60554
 -1.20347
 -1.37762
 -0.453268
 -1.61695
 -0.681629
 -1.06281
 -0.94114
 -1.17513
 0.271213
 -0.126141
 1.35842
 1.27847
 -0.396583
 1.81585
 0.171624
 1.50538
 1.31954
 1.9473
 0.947951
 0.836627
 0.526069
 1.4387
 2.01419
 0.138139
 2.06624
 0.902901
 0.444064
 -0.103175
 1.05368
 0.013641
 -1.22252
 0.829539
 -0.2295
 0.790867
 0.093448
 -0.61634
 -2.16475
 0.237367
 1.29205
 0.485389
 0.486003
 -1.71164
 -1.19731
 -0.88394
 -0.0287446
 -0.839637
 -1.76915
 -0.256052
 -1.00047
 -1.08163
 0.810821
 -1.25655
 -0.640064
 -1.12568
 -1.45678
 -0.287014
 -3.12057
 -1.7292
 -0.458865
 -0.220566
 0.679678
 0.770476
 0.913724
 0.954038
 0.708601
 -0.586392
 -0.686936
 -0.573581
 -1.33005
 -1.03268
 -1.88836
 -0.229168
 -1.8028
 -0.715961
 0.17709
 -0.679875
 -0.177532
 -1.25541
 -0.182634
 -1.71919
 -0.990526
 -1.27534
 -0.452328
 -1.63415
 -0.997655
 -1.56755
 -2.11488
 -1.25659
 -0.774764
 1.08683
 -0.025433
 -1.08058
 -0.884266
 -0.638131
 -0.801429
 -0.225668
 0.438921
 -0.538509
 -0.128941
 -0.770348
 0.587044
 0.514627
 -0.155371
 1.3391
 0.568192
 1.00696
 -0.17631
 -0.337787
 -1.02612
 0.132591
 -0.819176
 0.484552
 2.09104
 1.05947
 1.85765
 1.7016
 1.32834
 0.605127
 -0.493072
 -0.174588
 -0.740595
 0.200552
 0.518316
 0.508303
 0.180378
 -0.23848
 -0.240402
 -0.857923
 -0.36479
 -1.00251
 -1.71044
 -0.652834
 -0.545293
 -0.687807
 1.28731
 -0.977352
 -0.0432862
 0.420514
 -0.6865
 0.219824
 -0.362415
 -0.626256
 -0.456765
 -0.664426
 -0.557796
 -0.205642
 -0.488322
 0.286406
 -0.076231
 1.68427
 1.59487
 0.679684
 1.7069
 -1.63298
 0.260393
 -2.13243
 -1.91633
 -1.70839
 -2.19607
 -1.2818
 -0.997119
 -1.3732
 -1.33333
 0.225107
 -1.76184
 -1.24215
 -1.78477
 -0.530536
 -0.241238
 -0.948095
 -0.597728
 0.898812
 0.572898
 0.0773104
 0.0669912
 -1.63507
 0.145344
 0.217705
 0.392987
 -0.437099
 0.459883
 0.12091
 0.134384
 1.90126
 0.966681
 2.27752
 1.50979
 1.49191
 -0.188632
 0.582975
 0.724014
 -0.0630023
 2.22466
 1.00001
 0.868701
 -0.737341
 0.350132
 -0.027837
 0.673588
 0.0753383
 1.63331
 0.157462
 0.900276
 -0.36852
 1.6976
 0.346224
 -0.513216
 -1.42527
 -0.968824
 -1.65554
 -0.134568
 -0.64624
 1.37968
 -0.146323
 -0.375682
 -0.287442
 1.92856
 1.03639
 0.715223
 0.592963
 -1.12081
 0.295284
 -1.4936
 0.840545
 0.117862
 0.924243
 0.488461
 1.4632
 0.841666
 0.432394
 0.291705
 0.049972
 -0.842025
 1.63761
 -0.225551
 0.66699
 0.0104994
 -0.991147
 -1.34329
 -0.228523
 0.462184
 -1.47135
 -0.437419
 -0.572026
 0.0595336
 0.653301
 0.164001
 -0.333025
 -0.382641
 -0.18631
 0.724976
 -0.812172
 -0.721497
 0.754386
 0.49754
 1.46219
 1.35077
 1.52742
 1.2055
 1.56388
 1.2898
 1.21077
 1.71936
 1.30126
 1.94932
 1.70571
 2.46558
 1.83643
 1.74349
 0.885818
 -0.0133606
 -1.59074
 -0.434024
 -1.2726
 -0.204857
 1.06519
 -0.0852392
 -1.48628
 0.812556
 0.45105
 1.79862
 0.821587
 0.401516
 1.16108
 -0.156028
 0.568605
 0.90455
 -0.372298
 0.888147
 -0.487669
 -0.743012
 0.193925
 -0.282416
 0.305768
 0.973372
 0.999477
 -0.348305
 1.28884
 0.0494086
 -0.346416
 -0.732584
 -1.0015
 0.124107
 0.711273
 0.722843
 1.69809
 -0.240796
 -0.84234
 -1.82375
 -0.608278
 -2.56849
 -0.434211
 -1.30707
 -1.75444
 -0.80468
 -0.140648
 -1.10262
 -1.51099
 -1.16295
 -1.16881
 -0.905902
 -1.86882
 0.0736675
 0.276015
 0.298095
 -0.362967
 -0.528147
 -1.54588
 -1.55477
 1.03132
 1.47405
 1.0802
 -0.0186825
 -0.00799595
 1.03953
 0.365158
 0.41078
 0.680269
 -1.03912
 -1.17963
 1.03553
 2.25503
 2.59176
 0.259084
 0.087079
 0.47257
 0.313803
 -0.239928
 1.75457
 0.82531
 -0.177565
 0.567244
 -0.782825
 0.636979
 0.189869
 0.551871
 1.87307
 -0.511714
 -0.00194937
 -0.794772
 0.018248
 -1.34922
 -0.965194
 -0.437889
 -0.276337
 1.2258
 -0.0943652
 2.37011
 0.67973
 1.89847
 1.04715
 1.0369
 1.28304
 0.234839
 1.97789
 -0.267008
 0.104944
 1.52457
 -1.10487
 0.98896
 -2.02778
 0.00758293
 -0.0523114
 0.174584
 1.19125
 0.338741
 0.679691
 0.403342
 0.514321
 1.50482
 0.573485
 1.13672
 0.690001
 -0.0722048
