 0.799476
 0.0963228
 0.844839
 -0.544916
 -1.04138
 -1.26564
 -1.30926
 -0.370499
 -1.26279
 -1.64871
 0.196215
 0.565978
 1.64251
 1.02392
 0.966452
 0.46283
 -1.15286
 -1.73949
 -2.25462
 -0.673315
 -0.611316
 -0.875683
 0.743832
 0.438689
 0.714096
 1.54518
 0.0446191
 -0.0679405
 -1.22302
 0.433083
 1.62905
 2.15287
 0.516905
 0.319518
 0.188483
 0.441711
 0.116244
 0.860649
 -1.07664
 1.12177
 0.516308
 1.80888
 -0.822663
 0.076632
 -0.271818
 0.12511
 0.026133
 -0.982676
 -0.630948
 -0.72685
 1.02157
 -0.892891
 -0.536473
 0.284069
 -2.0514
 -1.51428
 -2.40161
 0.847536
 -0.93192
 1.15112
 0.134708
 -1.07986
 -0.635983
 -0.0310227
 0.119782
 0.16487
 -0.415522
 -0.483999
 0.0894622
 0.200953
 0.0725906
 -0.021551
 -0.421384
 0.0574785
 -1.01306
 -1.57341
 -0.853394
 0.266764
 -0.474824
 -0.327943
 -0.665809
 -1.11597
 -1.48693
 -1.41715
 -1.11712
 -1.15829
 -0.412313
 0.352211
 -0.202583
 0.0236054
 0.527222
 0.0265378
 -1.15474
 -0.144508
 -2.18926
 -0.885305
 -0.784062
 -0.547212
 -0.290022
 1.07459
 -0.27946
 -0.571881
 -0.819156
 0.150521
 0.380183
 -2.03228
 -0.942006
 -2.25804
 -2.49681
 -0.131281
 -1.72419
 -0.38891
 -1.06789
 0.308482
 1.3432
 2.03953
 2.88261
 1.93323
 1.28565
 1.28072
 -0.12275
 -0.14382
 -0.302561
 -0.882543
 1.70159
 -0.750958
 0.0922031
 1.3744
 1.96684
 -0.313882
 -0.480282
 1.06381
 1.32269
 1.72251
 -0.719712
 1.36772
 0.683489
 2.12866
 1.8222
 2.50031
 1.2016
 1.4573
 -0.0134497
 0.29789
 1.0011
 -0.508665
 1.19772
 0.00173106
 1.14041
 2.15082
 1.68548
 0.320257
 1.11547
 0.844483
 0.23924
 1.41677
 0.0573795
 -1.06331
 -0.991054
 -0.632377
 -0.418982
 -0.570028
 -1.57234
 -1.32368
 -2.13437
 -1.37786
 -0.445808
 -1.08991
 -0.80886
 -1.5466
 -0.799669
 -1.79225
 -0.0254393
 -0.564878
 -0.128755
 1.34229
 0.96279
 0.759529
 -0.197511
 0.328037
 0.299478
 0.469778
 0.0628123
 -1.2705
 0.681415
 0.312072
 1.66864
 2.36915
 1.66485
 1.76028
 1.92663
 0.696953
 1.52859
 -0.603707
 1.65756
 -0.0981935
 1.07813
 0.14194
 0.404638
 2.27137
 1.79809
 0.635798
 0.191009
 1.3795
 0.105478
 -1.27853
 -0.88393
 -0.395309
 0.331358
 -0.845663
 -1.36505
 -0.159277
 0.471902
 -0.215069
 -0.25622
 0.599732
 0.338312
 -0.267903
 0.394502
 -1.07831
 0.585064
 0.0577593
 -0.505992
 0.209589
 0.526019
 1.11601
 0.846257
 0.892558
 -0.0104411
 -1.26735
 -0.920372
 -1.34281
 -1.65132
 -1.70932
 -0.438521
 -1.15132
 0.0298736
 -0.207441
 -0.225793
 0.260017
 1.59318
 1.21418
 0.651346
 -0.460601
 -0.466368
 -2.31415
 -1.42643
 -1.106
 -1.15854
 -1.20566
 -0.557058
 -0.0999051
 0.274961
 -0.692941
 -0.530573
 -1.43208
 -0.0461883
 -1.42274
 -1.52173
 -1.23572
 -1.80277
 -0.38527
 -0.967702
 0.763739
 0.434239
 0.946766
 -0.808857
 -1.43945
 -0.335327
 -0.414928
 1.28891
 -0.0563343
 1.98808
 0.0539334
 0.730608
 0.990388
 0.146397
 1.83736
 0.532507
 2.53705
 0.713772
 1.72016
 -0.336592
 2.3049
 0.880795
 1.74213
 1.59024
 0.723106
 1.19075
 1.37216
 1.34407
 1.41168
 1.91682
 0.608901
 -0.264518
 0.0050859
 -1.01135
 1.73686
 0.594863
 1.34571
 2.39682
 0.896855
 1.48618
 1.05156
 0.74052
 -0.427764
 -1.21229
 -0.449706
 -1.27746
 0.0916413
 -0.571923
 0.384953
 0.329957
 1.68265
 1.49635
 -0.474114
 -0.410236
 0.314221
 1.9724
 0.319544
 2.64791
 0.811303
 0.391588
 0.178174
 1.53619
 -0.141219
 0.358557
 -1.86607
 -0.79441
 -1.12036
 0.0278764
 0.151465
 0.517108
 0.268633
 0.016473
 -0.288226
 -0.390846
 0.0692563
 0.0236864
 0.672638
 -0.271999
 -0.53781
 -0.0236824
 -0.597218
 1.18469
 0.940745
 1.61811
 0.409382
 2.32053
 -0.36479
 0.0949114
 0.597655
 0.203188
 1.32243
 0.546147
 1.03762
 0.656633
 1.25942
 0.335328
 0.78175
 0.228457
 -0.607011
 -0.746871
 0.290911
 -1.80163
 1.27513
 -0.146825
 0.237812
 -0.505179
 0.0744237
 1.29846
 1.10374
 0.992002
 1.67314
 0.355008
 1.1127
 -1.51233
 -0.118909
 -0.626396
 0.180407
 -2.0214
 -1.31813
 -1.72838
 0.0090423
 -1.05933
 0.0411434
 0.884314
 0.673263
 -0.751319
 -1.06015
 -1.5916
 -2.33789
 -1.26049
 1.04483
 -0.0130306
 -0.204432
 0.670024
 0.49757
 1.67615
 0.608346
 0.906476
 -0.0263279
 -0.268149
 0.528945
 1.60721
 1.19242
 2.03237
 0.893029
 1.82545
 -0.559051
 0.964583
 0.257519
 0.536237
 0.200109
 0.902154
 -0.0302172
 0.13036
 -0.928313
 -0.657579
 -0.128499
 -1.01224
 -0.864738
 -0.154325
 -0.521772
 2.229
 0.954976
 0.526314
 1.65841
 2.52768
 1.56036
 1.06379
 -0.420647
 -0.55154
 -0.326942
 -0.114595
 0.902675
 1.24798
 -0.392492
 1.01367
 1.10475
 0.469296
 1.50723
 0.587921
 -0.0619908
 -0.222204
 1.19567
 1.99945
 2.30601
 1.83239
 0.745185
 1.64094
 -0.222501
 0.102194
 -0.441968
 0.108608
 -0.498766
 -0.0136974
 1.51109
 1.88742
 1.86147
 1.88104
 2.27974
 0.798272
 1.80408
 1.86572
 1.60422
 1.25519
 0.990167
 1.71409
 0.454592
 1.27111
 -0.554734
 -0.197599
 0.523532
 -1.74792
 0.229124
 -2.03249
 1.62709
 1.16861
 -0.430247
 -0.152593
 -2.14623
 -0.957126
 0.510025
 0.537501
 -0.667866
 0.89739
 0.019102
 -0.864032
 -1.11398
 0.273449
 -0.185466
 -0.00709708
 -0.00167154
 -0.460582
 -1.78964
 -0.566306
 -1.74644
 -2.12026
 -2.73999
 -2.22531
 -0.751178
 -0.263801
 -1.62733
 -1.44204
 -2.01892
 -1.6228
 -0.711301
 -1.70861
 -0.483058
 -0.389733
 -1.32498
 0.35266
 -0.0776525
 1.7476
 -0.495569
 0.403235
 -1.04472
 -0.918129
 -2.12823
 0.713162
 -1.43835
 -1.46701
 -0.137932
 -0.926919
 -0.203441
 1.10423
 -0.709558
 0.48174
 -0.25147
 0.249398
 1.89342
 0.77137
 0.848989
 -1.24259
 -1.72763
 -1.60709
 -1.66541
 -1.98007
 -1.48644
 0.479159
 -0.992485
 -1.36358
 0.0936928
 -1.54266
 -0.214339
 -2.44161
 -1.57715
 -2.38202
 -0.75661
 -1.83434
 -1.22563
 -0.885095
 -1.04246
 0.289582
 -0.486633
 -1.31074
 -0.235436
 -1.14398
 0.650367
 -0.208606
 -0.943056
 -0.000389241
 -0.428253
 -0.460689
 -0.423587
 -0.433195
 -0.593869
 2.05736
 0.16801
 2.0488
 -0.175794
 0.869965
 -0.418904
 0.407648
 -0.895822
 -1.73117
 -0.2513
 -1.84607
 -0.486957
 -1.222
 -1.77547
 0.821262
 -1.71885
 -1.04249
 0.195626
 -0.716919
 0.352177
 -1.61201
 -0.990205
 -2.22604
 -0.174553
 -1.91722
 0.576263
 0.305153
 -0.337588
 -0.0812435
 0.110162
 -0.141859
 0.293112
 -0.686535
 0.0937372
 -1.84491
 -1.23198
 -2.17119
 -0.347658
 -1.66138
 -1.89724
 -2.97263
 -1.21131
 -0.525266
 0.0874547
 0.0267699
 -1.62584
 -1.45598
 -0.811555
 0.495019
 -1.31576
 0.878298
 -1.10001
 -0.822052
 -1.64017
 -0.553407
 -2.15895
 -0.743984
 -2.16765
 0.0982933
 -0.768747
 1.02266
 -0.141688
 1.44689
 0.945698
 0.0961792
 0.33147
 -1.96978
 -1.44817
 -2.20275
 -1.11665
 -0.881387
 -0.8264
 -0.771803
 -1.25301
 -0.803529
 0.188065
 -1.45199
 -0.543111
 -0.104896
 -1.3349
 1.16336
 0.54646
 1.16081
 -0.239127
 -1.72153
 -0.272221
 -2.38723
 -0.140806
 -2.25043
 -0.563605
 -2.31992
 -2.02802
 -2.09619
 -1.86536
 -0.0780975
 -0.771008
 -0.678144
 -1.94804
 -1.67787
 -0.891992
 -0.971524
 0.660591
 -1.03281
 -0.561119
 1.3167
 -1.89307
 -0.723114
 -0.380345
 -0.404416
 -0.511737
 0.667577
 0.145556
 -0.580167
 0.464074
 0.186899
 -0.347838
 -0.648669
 -1.27401
 -0.395394
 -1.16411
 -0.926511
 -2.34942
 -1.56538
 -1.82313
 -0.546109
 -1.43388
 -0.625727
 -1.67459
 -1.09138
 -1.15744
 -0.874804
 0.624958
 0.335069
 1.49905
 1.11456
 1.06753
 -1.51363
 -0.490659
 -1.63902
 0.0675627
 2.13927
 -0.386146
 -0.728666
 -1.37523
 -0.844194
 -1.16666
 -0.894609
 -0.151067
 -0.526296
 1.11248
 1.62454
 -0.77528
 0.934609
 -0.0821924
 0.832629
 0.21806
 0.260591
 0.376054
 -1.52205
 -0.295807
 -1.55994
 -2.15476
 -1.67173
 -1.5472
 -0.627134
 -1.06494
 -1.16911
 0.0972355
 -0.223832
 -1.28369
 0.0212494
 -0.543255
 0.709598
 0.286172
 0.52686
 -0.634052
 -1.06802
 0.0238566
 -0.0546783
 0.00861517
 1.14438
 0.0259791
 -2.0703
 0.58325
 -2.56586
 -0.413849
 -0.414193
 -0.232433
 0.420195
 -0.800345
 -0.143664
 0.383358
 0.856152
 0.259189
 -0.489123
 -0.582016
 -1.24305
 -0.867767
 -0.801917
 1.11695
 -0.120088
 -1.67711
 -0.775294
 -0.896733
 -1.00589
 -0.66472
 -1.48076
 -1.40485
 -1.32757
 -1.26985
 -1.53995
 -2.37277
 -0.632667
 -2.26206
 -1.08949
 -1.92908
 -0.462389
 -1.88396
 -0.00740207
 -0.514274
 0.828072
 1.49271
 -0.522918
 -0.51902
 -1.76808
 0.281765
 0.124678
 -0.335203
 0.981643
 2.49184
 0.953941
 1.61617
 1.32952
 1.79063
 1.56932
 2.19186
 2.83861
 1.91522
 2.20713
 1.49435
 1.59666
 0.891006
 1.26753
 0.842954
 1.79913
 0.845027
 1.16407
 1.41149
 -0.260716
 -0.0640324
 0.0715852
 -0.894587
 0.752582
 0.223016
 -0.508526
 0.582251
 -0.924613
 0.147271
 0.0953753
 0.0714076
 0.12727
 0.386819
 0.588374
 1.18311
 0.669577
 0.256261
 -0.0522315
 0.269806
 -0.350813
 1.32364
 0.459011
 1.62093
 -0.917542
 0.78069
 -1.18084
 0.77704
 -0.14198
 1.66848
 1.41804
 0.264366
 -0.389891
 1.63777
 -0.170093
 1.03335
 0.93766
 0.891505
 0.783908
 0.054139
 -0.687883
 -0.895705
 2.20366
 0.791047
 1.51169
 -1.00348
 0.449762
 -1.38611
 1.25889
 -1.61015
 -1.15006
 -1.15887
 -0.22892
 -0.842049
 -1.55389
 -2.35405
 -2.01754
 -1.02889
 -2.29086
 -1.25834
 -1.49057
 0.185234
 -0.494744
 0.683881
 0.211913
 0.702977
 2.81769
 1.93151
 1.99593
 0.70622
 1.45968
 0.652406
 -0.0706092
 1.0087
 -0.348149
 1.01998
 1.52498
 2.27379
 1.40975
 2.0622
 0.601643
 -1.16512
 -0.0502236
 -0.880719
 -1.18603
 0.0468922
 -0.0433092
 -0.396653
 -0.54504
 -0.22224
 -2.21111
 -0.0973168
 0.364598
 1.04159
 1.45336
 -0.698795
 -1.63474
 -2.2894
 -1.65195
 -1.96614
 -2.03521
 -1.64258
 -1.18028
 -1.64058
 -1.12745
 -1.46211
 -0.126233
 0.236982
 1.1193
 -0.865034
 0.309765
 -1.24404
 0.535736
 0.0821005
 -0.2186
 0.738039
 0.921462
 0.007395
 0.464202
 0.326027
 0.39278
 1.32766
 1.92682
 -0.525514
 2.25125
 -0.485853
 0.335698
 -1.61583
 -0.657837
 -0.629068
 -0.366287
 -0.185254
 -0.00375086
 -0.052013
 0.361293
 -0.0899032
 -0.0722529
 -0.351078
 -0.740455
 0.520202
 1.43521
 0.294493
 1.31334
 0.147703
 -0.392306
 0.459567
 -1.20008
 -1.31973
 -1.97112
 -0.112149
 -1.48258
 0.238972
 -0.193718
 0.168832
 0.666458
 -0.509109
 -0.0390023
 0.230341
 -0.900818
 -0.270086
 -1.58865
 0.766285
 0.292122
 0.862416
 0.868767
 0.908292
 2.01254
 0.420465
 1.58918
 1.33921
 0.381533
 -1.32321
 -0.0895662
 0.193979
 0.449803
 -0.0691582
 1.19497
 0.761028
 0.078203
 0.468762
 -1.19339
 0.445322
 -0.590686
