 -0.0247263 1.2038 1.44974 0.422704 1.1316 1.45921 1.12234 1.2659
 0.00479996 1.244 1.54756 0.276642 0.850016 0.799059 1.19806 0.693203
 0.00331286 0.93026 0.865395 0.147966 0.623383 0.4105 0.669956 0.356119
 -0.00565239 0.67864 0.460585 0.064963 0.420249 0.18083 0.356567 0.156874
 0.0106998 0.459611 0.211356 0.0271285 0.302013 0.0919478 0.163624 0.079767
 0.00114242 0.338376 0.1145 0.0202504 0.243756 0.0598271 0.0886415 0.0519015
 0.00283199 0.279252 0.0779899 0.0183368 0.222364 0.049782 0.0603768 0.0431871
 0.0033834 0.256209 0.0656547 0.0165703 0.21315 0.0457075 0.0508274 0.0396524
 0.00574675 0.245216 0.060164 0.0150429 0.205356 0.0423972 0.0465767 0.0367806
 0.00317252 0.236965 0.0561624 0.0145092 0.19904 0.0398276 0.0434788 0.0345514
 0.00688362 0.229378 0.0526617 0.0130431 0.191885 0.0369901 0.0407687 0.0320898
 0.000398023 0.222663 0.0495788 0.0127898 0.188471 0.0356849 0.0383821 0.0309576
 0.0111939 0.216598 0.0470401 0.011834 0.18211 0.033304 0.0364167 0.0288921
 -0.00986997 0.213868 0.0458369 0.0100888 0.198587 0.0395386 0.0354852 0.0343007
 0.0327431 0.221119 0.0499656 0.0119972 0.177137 0.0315213 0.0386815 0.0273455
 -0.0128637 0.209037 0.0438618 0.00888165 0.17833 0.0318806 0.0339561 0.0276572
 0.014305 0.203296 0.041534 0.0109656 0.170667 0.0292473 0.0321541 0.0253728
 -0.0038958 0.199935 0.0399893 0.0087323 0.171461 0.029475 0.0309582 0.0255703
 0.00866942 0.197065 0.0389096 0.0100081 0.167096 0.0280213 0.0301224 0.0243091
 -0.000736357 0.194944 0.0380036 0.00832344 0.167304 0.0280599 0.029421 0.0243427
 0.00638653 0.192807 0.0372155 0.009233 0.164153 0.0270315 0.0288108 0.0234505
 0.000491223 0.191048 0.0364997 0.0078214 0.164118 0.0269958 0.0282566 0.0234195
 0.00532711 0.189245 0.0358421 0.00858781 0.161541 0.0261692 0.0277476 0.0227024
 0.000948035 0.187698 0.0352313 0.00728071 0.161481 0.0261292 0.0272747 0.0226678
 0.00481037 0.186114 0.0346614 0.00804644 0.15919 0.0254064 0.0268336 0.0220406
 0.00102877 0.184734 0.0341279 0.00671694 0.159247 0.0254046 0.0264205 0.0220391
 0.00460131 0.183319 0.0336271 0.00760693 0.157057 0.0247248 0.0260328 0.0214494
 0.00086437 0.182087 0.0331566 0.00612199 0.157354 0.0247977 0.0256686 0.0215126
 0.004637 0.180812 0.0327146 0.00728882 0.155099 0.0241087 0.0253264 0.0209149
 0.000464747 0.179721 0.0322999 0.00546174 0.155803 0.0243045 0.0250054 0.0210848
 0.00495384 0.178574 0.0319133 0.00714207 0.15328 0.0235458 0.0247061 0.0204265
 -0.000254608 0.177639 0.0315558 0.00465917 0.154688 0.0239499 0.0244293 0.0207772
 0.00569453 0.176641 0.0312345 0.00727424 0.151609 0.0230381 0.0241806 0.0199862
 -0.00151008 0.175938 0.0309563 0.00355204 0.154319 0.023827 0.0239652 0.0206705
 0.00718254 0.175207 0.0307492 0.00791448 0.150281 0.0226469 0.0238049 0.0196468
 -0.0037679 0.174999 0.0306388 0.00179522 0.155672 0.0242371 0.0237194 0.0210263
 0.0101117 0.175018 0.0307337 0.00556267 0.149656 0.0224279 0.0237928 0.0194567
 0.00107579 0.17217 0.0296435 0.00492939 0.149757 0.0224515 0.0229489 0.0194772
 0.00238195 0.171671 0.0294766 0.00496125 0.149357 0.0223321 0.0228196 0.0193736
 0.00215191 0.17125 0.0293311 0.00487199 0.14906 0.0222426 0.022707 0.019296
 0.00217057 0.170833 0.0291887 0.00480185 0.148753 0.0221505 0.0225968 0.0192161
 0.00214425 0.170424 0.029049 0.00472885 0.148454 0.022061 0.0224886 0.0191385
 0.00212549 0.170021 0.0289117 0.00465776 0.14816 0.0219731 0.0223823 0.0190622
 0.00210545 0.169624 0.0287768 0.00458793 0.147871 0.0218869 0.0222779 0.0189874
 0.00208594 0.169233 0.0286442 0.00451955 0.147587 0.0218023 0.0221753 0.018914
 0.00206667 0.168848 0.0285139 0.00445258 0.147307 0.0217192 0.0220744 0.0188419
 0.00204772 0.168468 0.0283857 0.004387 0.147032 0.0216376 0.0219752 0.0187711
 0.00202906 0.168094 0.0282597 0.00432278 0.146761 0.0215574 0.0218776 0.0187015
 0.0020107 0.167725 0.0281357 0.0042599 0.146494 0.0214785 0.0217816 0.0186332
 0.00199264 0.167361 0.0280138 0.00419832 0.146231 0.0214011 0.0216872 0.018566
 0.00197486 0.167002 0.0278937 0.00413799 0.145972 0.0213249 0.0215943 0.0184999
 0.00195736 0.166649 0.0277756 0.00407891 0.145717 0.02125 0.0215028 0.0184349
 0.00194014 0.166299 0.0276593 0.00402101 0.145465 0.0211763 0.0214127 0.018371
 0.00192319 0.165955 0.0275447 0.00396429 0.145218 0.0211038 0.0213241 0.0183081
 0.00190651 0.165615 0.0274319 0.0039087 0.144973 0.0210325 0.0212368 0.0182462
 0.00189008 0.165279 0.0273208 0.00385421 0.144732 0.0209623 0.0211507 0.0181853
 0.00187391 0.164948 0.0272114 0.0038008 0.144495 0.0208932 0.021066 0.0181254
 0.00185798 0.164621 0.0271035 0.00374844 0.144261 0.0208252 0.0209825 0.0180664
 0.0018423 0.164298 0.0269972 0.00369709 0.14403 0.0207582 0.0209002 0.0180083
 0.00182685 0.163979 0.0268925 0.00364673 0.143802 0.0206923 0.0208192 0.0179511
 0.00181164 0.163664 0.0267892 0.00359733 0.143577 0.0206273 0.0207392 0.0178947
 0.00179665 0.163353 0.0266875 0.00354887 0.143355 0.0205633 0.0206604 0.0178392
 0.00178189 0.163046 0.0265871 0.00350132 0.143136 0.0205002 0.0205827 0.0177845
 0.00176734 0.162742 0.0264881 0.00345466 0.14292 0.0204381 0.0205061 0.0177305
 0.001753 0.162442 0.0263905 0.00340886 0.142707 0.0203768 0.0204305 0.0176774
 0.00173887 0.162146 0.0262943 0.0033639 0.142496 0.0203165 0.020356 0.0176251
 0.00172495 0.161853 0.0261993 0.00331977 0.142288 0.020257 0.0202825 0.0175734
 0.00171122 0.161563 0.0261056 0.00327642 0.142083 0.0201983 0.02021 0.0175226
 0.00169769 0.161277 0.0260132 0.00323386 0.14188 0.0201405 0.0201384 0.0174724
 0.00168435 0.160994 0.025922 0.00319205 0.14168 0.0200835 0.0200678 0.0174229
 0.00167119 0.160714 0.0258319 0.00315097 0.141483 0.0200272 0.0199981 0.0173741
 0.00165822 0.160438 0.0257431 0.00311062 0.141287 0.0199718 0.0199293 0.017326
 0.00164543 0.160165 0.0256554 0.00307096 0.141094 0.019917 0.0198614 0.0172785
 0.00163281 0.159894 0.0255688 0.00303198 0.140904 0.0198631 0.0197944 0.0172317
 0.00162036 0.159627 0.0254834 0.00299366 0.140716 0.0198098 0.0197283 0.0171855
 0.00160808 0.159362 0.025399 0.002956 0.14053 0.0197573 0.0196629 0.0171399
 0.00159597 0.159101 0.0253157 0.00291896 0.140346 0.0197054 0.0195984 0.017095
 0.00158401 0.158842 0.0252334 0.00288254 0.140164 0.0196543 0.0195347 0.0170506
 0.00157221 0.158586 0.0251521 0.00284672 0.139985 0.0196038 0.0194718 0.0170068
 0.00156057 0.158333 0.0250719 0.00281148 0.139807 0.0195539 0.0194097 0.0169635
 0.00154908 0.158083 0.0249926 0.00277682 0.139632 0.0195048 0.0193484 0.0169209
 0.00153773 0.157835 0.0249143 0.00274271 0.139458 0.0194562 0.0192877 0.0168787
 0.00152653 0.15759 0.024837 0.00270915 0.139287 0.0194082 0.0192279 0.0168371
 0.00151547 0.157348 0.0247606 0.00267611 0.139118 0.0193609 0.0191687 0.0167961
 0.00150455 0.157108 0.0246851 0.0026436 0.13895 0.0193142 0.0191102 0.0167555
 0.00149377 0.15687 0.0246104 0.0026116 0.138785 0.019268 0.0190525 0.0167155
 0.00148312 0.156635 0.0245367 0.00258008 0.138621 0.0192224 0.0189954 0.0166759
 0.00147261 0.156402 0.0244639 0.00254906 0.138459 0.0191774 0.018939 0.0166369
 0.00146222 0.156172 0.0243919 0.0025185 0.138299 0.019133 0.0188833 0.0165983
 0.00145196 0.155944 0.0243207 0.00248841 0.138141 0.0190891 0.0188282 0.0165602
 0.00144182 0.155718 0.0242503 0.00245877 0.137984 0.0190457 0.0187737 0.0165226
 0.0014318 0.155495 0.0241808 0.00242957 0.137829 0.0190028 0.0187198 0.0164854
 0.00142191 0.155274 0.024112 0.0024008 0.137676 0.0189605 0.0186666 0.0164487
 0.00141213 0.155055 0.0240441 0.00237246 0.137525 0.0189187 0.018614 0.0164124
 0.00140246 0.154838 0.0239769 0.00234452 0.137375 0.0188773 0.018562 0.0163765
 0.00139291 0.154624 0.0239104 0.002317 0.137226 0.0188365 0.0185105 0.0163411
 0.00138346 0.154411 0.0238447 0.00228987 0.13708 0.0187961 0.0184597 0.0163061
 0.00137413 0.154201 0.0237797 0.00226313 0.136935 0.0187562 0.0184094 0.0162715
 0.0013649 0.153992 0.0237155 0.00223677 0.136791 0.0187168 0.0183596 0.0162373
 0.00135578 0.153786 0.0236519 0.00221078 0.136649 0.0186778 0.0183104 0.0162035
 0.00134676 0.153581 0.0235891 0.00218515 0.136508 0.0186393 0.0182618 0.0161701
 0.00133785 0.153379 0.0235269 0.00215988 0.136369 0.0186012 0.0182136 0.016137
 0.00132903 0.153178 0.0234654 0.00213497 0.136232 0.0185636 0.018166 0.0161044
 0.00132031 0.15298 0.0234046 0.00211039 0.136095 0.0185264 0.0181189 0.0160721
 0.00131168 0.152783 0.0233444 0.00208616 0.13596 0.0184896 0.0180723 0.0160402
 0.00130315 0.152588 0.0232848 0.00206225 0.135827 0.0184532 0.0180262 0.0160086
 0.00129472 0.152395 0.0232259 0.00203866 0.135695 0.0184173 0.0179806 0.0159774
 0.00128637 0.152204 0.0231676 0.0020154 0.135564 0.0183817 0.0179355 0.0159466
 0.00127812 0.152014 0.0231099 0.00199244 0.135435 0.0183465 0.0178908 0.0159161
 0.00126995 0.151826 0.0230528 0.00196979 0.135306 0.0183117 0.0178466 0.0158859
 0.00126187 0.15164 0.0229963 0.00194744 0.13518 0.0182773 0.0178029 0.015856
 0.00125387 0.151456 0.0229404 0.00192538 0.135054 0.0182433 0.0177596 0.0158265
 0.00124596 0.151273 0.0228851 0.00190361 0.13493 0.0182096 0.0177168 0.0157973
 0.00123813 0.151092 0.0228303 0.00188213 0.134806 0.0181763 0.0176744 0.0157684
 0.00123039 0.150913 0.0227761 0.00186092 0.134685 0.0181434 0.0176324 0.0157398
 0.00122272 0.150735 0.0227224 0.00183999 0.134564 0.0181108 0.0175909 0.0157116
 0.00121513 0.150558 0.0226693 0.00181933 0.134444 0.0180786 0.0175497 0.0156836
 0.00120762 0.150384 0.0226167 0.00179893 0.134326 0.0180467 0.017509 0.0156559
 0.00120019 0.150211 0.0225647 0.00177879 0.134209 0.0180151 0.0174687 0.0156285
 0.00119283 0.150039 0.0225131 0.0017589 0.134092 0.0179839 0.0174288 0.0156014
 0.00118555 0.149869 0.0224621 0.00173927 0.133977 0.017953 0.0173893 0.0155746
 0.00117834 0.1497 0.0224115 0.00171988 0.133863 0.0179224 0.0173502 0.0155481
 0.00117121 0.149533 0.0223615 0.00170074 0.133751 0.0178921 0.0173114 0.0155218
 0.00116414 0.149367 0.0223119 0.00168183 0.133639 0.0178622 0.017273 0.0154959
 0.00115714 0.149203 0.0222628 0.00166315 0.133528 0.0178325 0.017235 0.0154701
 0.00115022 0.14904 0.0222142 0.00164471 0.133418 0.0178032 0.0171974 0.0154447
 0.00114336 0.148878 0.0221661 0.00162649 0.13331 0.0177741 0.0171601 0.0154195
 0.00113657 0.148718 0.0221184 0.0016085 0.133202 0.0177454 0.0171232 0.0153945
 0.00112984 0.148559 0.0220712 0.00159072 0.133095 0.0177169 0.0170867 0.0153698
 0.00112318 0.148402 0.0220244 0.00157316 0.13299 0.0176887 0.0170505 0.0153454
 0.00111659 0.148246 0.0219781 0.00155582 0.132885 0.0176608 0.0170146 0.0153212
 0.00111005 0.148091 0.0219322 0.00153868 0.132781 0.0176332 0.016979 0.0152972
 0.00110358 0.147937 0.0218867 0.00152175 0.132678 0.0176058 0.0169438 0.0152735
 0.00109718 0.147785 0.0218416 0.00150502 0.132576 0.0175788 0.016909 0.01525
 0.00109083 0.147634 0.021797 0.00148849 0.132475 0.0175519 0.0168744 0.0152267
 0.00108455 0.147484 0.0217527 0.00147215 0.132375 0.0175254 0.0168402 0.0152037
 0.00107832 0.147336 0.0217089 0.00145601 0.132276 0.0174991 0.0168062 0.0151809
 0.00107215 0.147188 0.0216655 0.00144006 0.132178 0.017473 0.0167726 0.0151583
 0.00106604 0.147042 0.0216225 0.0014243 0.13208 0.0174472 0.0167393 0.0151359
 0.00105999 0.146897 0.0215798 0.00140872 0.131984 0.0174217 0.0167063 0.0151138
 0.00105399 0.146753 0.0215376 0.00139332 0.131888 0.0173964 0.0166736 0.0150918
 0.00104805 0.14661 0.0214957 0.00137811 0.131793 0.0173713 0.0166411 0.0150701
 0.00104217 0.146469 0.0214542 0.00136307 0.131699 0.0173465 0.016609 0.0150485
 0.00103634 0.146328 0.021413 0.0013482 0.131606 0.0173219 0.0165772 0.0150272
 0.00103056 0.146189 0.0213723 0.00133351 0.131513 0.0172976 0.0165456 0.0150061
 0.00102484 0.146051 0.0213319 0.00131898 0.131422 0.0172734 0.0165143 0.0149851
 0.00101917 0.145913 0.0212918 0.00130462 0.131331 0.0172495 0.0164833 0.0149644
 0.00101355 0.145777 0.0212521 0.00129043 0.131241 0.0172258 0.0164526 0.0149438
 0.00100798 0.145642 0.0212127 0.0012764 0.131151 0.0172023 0.0164221 0.0149235
 0.00100246 0.145508 0.0211737 0.00126253 0.131063 0.0171791 0.0163919 0.0149033
 0.000996996 0.145375 0.021135 0.00124881 0.130975 0.017156 0.0163619 0.0148833
 0.000991578 0.145243 0.0210966 0.00123525 0.130888 0.0171332 0.0163322 0.0148635
 0.000986209 0.145112 0.0210586 0.00122185 0.130802 0.0171106 0.0163028 0.0148438
 0.000980889 0.144982 0.0210209 0.00120859 0.130716 0.0170881 0.0162736 0.0148244
 0.000975616 0.144853 0.0209835 0.00119548 0.130631 0.0170659 0.0162446 0.0148051
 0.00097039 0.144725 0.0209464 0.00118253 0.130547 0.0170439 0.0162159 0.014786
 0.000965211 0.144598 0.0209096 0.00116971 0.130463 0.0170221 0.0161874 0.0147671
 0.000960079 0.144472 0.0208732 0.00115704 0.130381 0.0170004 0.0161592 0.0147483
 0.000954991 0.144347 0.020837 0.00114451 0.130298 0.016979 0.0161312 0.0147297
 0.00094995 0.144223 0.0208012 0.00113212 0.130217 0.0169577 0.0161035 0.0147112
 0.000944952 0.1441 0.0207656 0.00111987 0.130136 0.0169366 0.0160759 0.014693
 0.000939999 0.143977 0.0207303 0.00110775 0.130056 0.0169158 0.0160486 0.0146748
 0.00093509 0.143856 0.0206953 0.00109576 0.129976 0.016895 0.0160216 0.0146569
 0.000930224 0.143735 0.0206606 0.00108391 0.129897 0.0168745 0.0159947 0.0146391
 0.0009254 0.143615 0.0206262 0.00107219 0.129819 0.0168542 0.015968 0.0146214
 0.000920619 0.143497 0.0205921 0.0010606 0.129742 0.016834 0.0159416 0.0146039
 0.00091588 0.143378 0.0205582 0.00104913 0.129664 0.016814 0.0159154 0.0145865
 0.000911182 0.143261 0.0205246 0.00103779 0.129588 0.0167941 0.0158894 0.0145693
 0.000906525 0.143145 0.0204913 0.00102657 0.129512 0.0167745 0.0158636 0.0145523
 0.000901909 0.14303 0.0204583 0.00101548 0.129437 0.016755 0.015838 0.0145354
 0.000897333 0.142915 0.0204255 0.0010045 0.129362 0.0167356 0.0158126 0.0145186
 0.000892796 0.142801 0.0203929 0.000993649 0.129288 0.0167165 0.0157874 0.0145019
 0.000888299 0.142688 0.0203606 0.000982911 0.129215 0.0166974 0.0157624 0.0144854
 0.000883841 0.142576 0.0203286 0.000972289 0.129142 0.0166786 0.0157376 0.0144691
 0.000879421 0.142464 0.0202968 0.000961781 0.12907 0.0166599 0.015713 0.0144529
 0.00087504 0.142354 0.0202653 0.000951387 0.128998 0.0166413 0.0156886 0.0144368
 0.000870696 0.142244 0.020234 0.000941104 0.128927 0.0166229 0.0156644 0.0144208
 0.000866389 0.142134 0.0202029 0.000930932 0.128856 0.0166047 0.0156404 0.014405
 0.00086212 0.142026 0.0201721 0.000920868 0.128786 0.0165866 0.0156165 0.0143893
 0.000857887 0.141918 0.0201416 0.000910913 0.128716 0.0165686 0.0155928 0.0143737
 0.00085369 0.141811 0.0201112 0.000901063 0.128647 0.0165508 0.0155693 0.0143583
 0.000849529 0.141705 0.0200811 0.000891319 0.128578 0.0165332 0.015546 0.0143429
 0.000845404 0.1416 0.0200512 0.000881678 0.12851 0.0165157 0.0155229 0.0143277
 0.000841314 0.141495 0.0200215 0.000872139 0.128443 0.0164983 0.0154999 0.0143127
 0.000837258 0.141391 0.0199921 0.000862702 0.128376 0.016481 0.0154771 0.0142977
 0.000833238 0.141288 0.0199629 0.000853365 0.128309 0.0164639 0.0154545 0.0142829
 0.000829251 0.141185 0.0199339 0.000844126 0.128243 0.016447 0.0154321 0.0142682
 0.000825298 0.141083 0.0199051 0.000834986 0.128177 0.0164301 0.0154098 0.0142536
 0.000821379 0.140982 0.0198765 0.000825941 0.128112 0.0164134 0.0153876 0.0142391
 0.000817493 0.140881 0.0198481 0.000816992 0.128048 0.0163969 0.0153657 0.0142247
 0.000813639 0.140781 0.01982 0.000808137 0.127983 0.0163804 0.0153439 0.0142104
 0.000809819 0.140682 0.019792 0.000799374 0.12792 0.0163641 0.0153222 0.0141963
 0.00080603 0.140583 0.0197643 0.000790704 0.127857 0.0163479 0.0153008 0.0141822
 0.000802274 0.140485 0.0197367 0.000782125 0.127794 0.0163318 0.0152794 0.0141683
 0.000798549 0.140388 0.0197094 0.000773635 0.127731 0.0163159 0.0152583 0.0141545
 0.000794855 0.140291 0.0196822 0.000765234 0.12767 0.0163001 0.0152372 0.0141407
 0.000791192 0.140195 0.0196553 0.00075692 0.127608 0.0162844 0.0152164 0.0141271
 0.00078756 0.1401 0.0196285 0.000748693 0.127547 0.0162688 0.0151956 0.0141136
 0.000783959 0.140005 0.0196019 0.000740552 0.127486 0.0162534 0.0151751 0.0141002
 0.000780388 0.13991 0.0195755 0.000732495 0.127426 0.016238 0.0151546 0.0140869
 0.000776846 0.139817 0.0195493 0.000724522 0.127367 0.0162228 0.0151344 0.0140737
 0.000773335 0.139724 0.0195233 0.000716632 0.127307 0.0162077 0.0151142 0.0140606
 0.000769852 0.139631 0.0194975 0.000708823 0.127248 0.0161927 0.0150942 0.0140475
 0.000766399 0.139539 0.0194718 0.000701095 0.12719 0.0161778 0.0150743 0.0140346
 0.000762974 0.139448 0.0194463 0.000693446 0.127132 0.016163 0.0150546 0.0140218
 0.000759578 0.139357 0.019421 0.000685877 0.127074 0.0161483 0.015035 0.0140091
 0.00075621 0.139267 0.0193959 0.000678385 0.127017 0.0161338 0.0150156 0.0139964
 0.00075287 0.139178 0.019371 0.000670971 0.12696 0.0161193 0.0149963 0.0139839
 0.000749558 0.139089 0.0193462 0.000663633 0.126904 0.016105 0.0149771 0.0139715
 0.000746273 0.139 0.0193216 0.00065637 0.126847 0.0160907 0.014958 0.0139591
 0.000743016 0.138912 0.0192971 0.000649181 0.126792 0.0160766 0.0149391 0.0139468
 0.000739785 0.138825 0.0192728 0.000642066 0.126736 0.0160625 0.0149203 0.0139346
 0.000736581 0.138738 0.0192487 0.000635024 0.126681 0.0160486 0.0149016 0.0139226
 0.000733404 0.138652 0.0192248 0.000628054 0.126627 0.0160348 0.0148831 0.0139105
 0.000730253 0.138566 0.019201 0.000621155 0.126573 0.016021 0.0148647 0.0138986
 0.000727128 0.13848 0.0191774 0.000614326 0.126519 0.0160074 0.0148464 0.0138868
 0.000724029 0.138396 0.0191539 0.000607567 0.126465 0.0159938 0.0148282 0.013875
 0.000720955 0.138311 0.0191306 0.000600877 0.126412 0.0159804 0.0148102 0.0138634
 0.000717906 0.138228 0.0191074 0.000594254 0.126359 0.015967 0.0147922 0.0138518
 0.000714883 0.138144 0.0190844 0.000587699 0.126307 0.0159538 0.0147744 0.0138403
 0.000711884 0.138062 0.0190615 0.00058121 0.126255 0.0159406 0.0147567 0.0138289
 0.00070891 0.137979 0.0190388 0.000574787 0.126203 0.0159275 0.0147391 0.0138175
 0.000705961 0.137898 0.0190163 0.000568429 0.126152 0.0159146 0.0147217 0.0138063
 0.000703035 0.137816 0.0189938 0.000562135 0.126101 0.0159017 0.0147043 0.0137951
 0.000700134 0.137736 0.0189716 0.000555905 0.12605 0.0158889 0.0146871 0.013784
 0.000697256 0.137655 0.0189494 0.000549737 0.125999 0.0158762 0.0146699 0.013773
 0.000694402 0.137575 0.0189275 0.000543632 0.125949 0.0158635 0.0146529 0.013762
 0.000691571 0.137496 0.0189056 0.000537588 0.1259 0.015851 0.014636 0.0137511
 0.000688763 0.137417 0.0188839 0.000531605 0.12585 0.0158385 0.0146192 0.0137403
 0.000685978 0.137339 0.0188624 0.000525682 0.125801 0.0158262 0.0146025 0.0137296
 0.000683215 0.137261 0.0188409 0.000519819 0.125752 0.0158139 0.0145859 0.0137189
 0.000680476 0.137183 0.0188196 0.000514014 0.125704 0.0158017 0.0145694 0.0137084
 0.000677758 0.137106 0.0187985 0.000508268 0.125655 0.0157896 0.0145531 0.0136978
 0.000675062 0.137029 0.0187775 0.000502578 0.125608 0.0157775 0.0145368 0.0136874
 0.000672389 0.136953 0.0187566 0.000496946 0.12556 0.0157656 0.0145206 0.013677
 0.000669737 0.136877 0.0187358 0.00049137 0.125513 0.0157537 0.0145046 0.0136667
 0.000667106 0.136802 0.0187152 0.00048585 0.125466 0.0157419 0.0144886 0.0136565
 0.000664497 0.136727 0.0186947 0.000480385 0.125419 0.0157302 0.0144727 0.0136463
 0.000661909 0.136652 0.0186743 0.000474974 0.125373 0.0157185 0.0144569 0.0136362
 0.000659342 0.136578 0.018654 0.000469617 0.125327 0.015707 0.0144413 0.0136262
 0.000656795 0.136505 0.0186339 0.000464313 0.125281 0.0156955 0.0144257 0.0136162
 0.000654269 0.136431 0.0186139 0.000459061 0.125235 0.0156841 0.0144102 0.0136063
 0.000651763 0.136358 0.018594 0.000453862 0.12519 0.0156727 0.0143948 0.0135965
 0.000649278 0.136286 0.0185743 0.000448715 0.125145 0.0156615 0.0143795 0.0135867
 0.000646812 0.136214 0.0185546 0.000443618 0.1251 0.0156503 0.0143643 0.013577
 0.000644366 0.136142 0.0185351 0.000438572 0.125056 0.0156391 0.0143492 0.0135674
 0.00064194 0.136071 0.0185157 0.000433575 0.125012 0.0156281 0.0143342 0.0135578
 0.000639533 0.136 0.0184964 0.000428628 0.124968 0.0156171 0.0143192 0.0135482
 0.000637146 0.13593 0.0184773 0.00042373 0.124924 0.0156062 0.0143044 0.0135388
 0.000634777 0.13586 0.0184582 0.00041888 0.124881 0.0155954 0.0142897 0.0135294
 0.000632428 0.13579 0.0184393 0.000414078 0.124838 0.0155846 0.014275 0.01352
 0.000630097 0.13572 0.0184204 0.000409322 0.124795 0.0155739 0.0142604 0.0135108
 0.000627785 0.135652 0.0184017 0.000404614 0.124752 0.0155633 0.0142459 0.0135015
 0.000625491 0.135583 0.0183831 0.000399952 0.12471 0.0155527 0.0142315 0.0134924
 0.000623216 0.135515 0.0183646 0.000395336 0.124668 0.0155422 0.0142172 0.0134833
 0.000620959 0.135447 0.0183462 0.000390764 0.124626 0.0155318 0.014203 0.0134742
 0.000618719 0.135379 0.018328 0.000386238 0.124584 0.0155214 0.0141888 0.0134652
 0.000616497 0.135312 0.0183098 0.000381756 0.124543 0.0155111 0.0141747 0.0134563
 0.000614293 0.135245 0.0182917 0.000377317 0.124502 0.0155009 0.0141608 0.0134474
 0.000612107 0.135179 0.0182738 0.000372922 0.124461 0.0154907 0.0141468 0.0134386
 0.000609937 0.135113 0.0182559 0.00036857 0.12442 0.0154806 0.014133 0.0134298
 0.000607785 0.135047 0.0182381 0.00036426 0.12438 0.0154705 0.0141193 0.0134211
 0.00060565 0.134982 0.0182205 0.000359992 0.12434 0.0154605 0.0141056 0.0134124
 0.000603531 0.134917 0.0182029 0.000355766 0.1243 0.0154506 0.014092 0.0134038
 0.000601429 0.134852 0.0181855 0.000351581 0.12426 0.0154407 0.0140785 0.0133952
 0.000599344 0.134788 0.0181681 0.000347436 0.124221 0.0154309 0.0140651 0.0133867
 0.000597275 0.134724 0.0181509 0.000343332 0.124182 0.0154212 0.0140517 0.0133783
 0.000595222 0.13466 0.0181337 0.000339267 0.124143 0.0154115 0.0140384 0.0133699
 0.000593186 0.134597 0.0181166 0.000335242 0.124104 0.0154019 0.0140252 0.0133615
 0.000591165 0.134534 0.0180997 0.000331255 0.124065 0.0153923 0.0140121 0.0133532
 0.00058916 0.134471 0.0180828 0.000327307 0.124027 0.0153828 0.013999 0.0133449
 0.000587171 0.134409 0.018066 0.000323398 0.123989 0.0153733 0.013986 0.0133367
 0.000585197 0.134347 0.0180493 0.000319525 0.123951 0.0153639 0.0139731 0.0133286
 0.000583239 0.134285 0.0180327 0.000315691 0.123913 0.0153546 0.0139603 0.0133205
 0.000581295 0.134223 0.0180162 0.000311893 0.123876 0.0153453 0.0139475 0.0133124
 0.000579367 0.134162 0.0179998 0.000308131 0.123838 0.015336 0.0139348 0.0133044
 0.000577454 0.134101 0.0179835 0.000304406 0.123801 0.0153268 0.0139222 0.0132964
 0.000575556 0.134041 0.0179673 0.000300717 0.123764 0.0153177 0.0139096 0.0132885
 0.000573672 0.133981 0.0179511 0.000297063 0.123728 0.0153086 0.0138971 0.0132806
 0.000571803 0.133921 0.0179351 0.000293444 0.123691 0.0152996 0.0138847 0.0132728
 0.000569948 0.133861 0.0179191 0.000289859 0.123655 0.0152906 0.0138723 0.013265
 0.000568108 0.133802 0.0179032 0.000286309 0.123619 0.0152817 0.01386 0.0132572
 0.000566282 0.133743 0.0178874 0.000282793 0.123583 0.0152728 0.0138478 0.0132496
 0.00056447 0.133684 0.0178717 0.000279311 0.123547 0.015264 0.0138356 0.0132419
 0.000562671 0.133626 0.0178561 0.000275861 0.123512 0.0152552 0.0138235 0.0132343
 0.000560887 0.133567 0.0178406 0.000272445 0.123476 0.0152465 0.0138115 0.0132267
 0.000559116 0.133509 0.0178251 0.000269061 0.123441 0.0152378 0.0137995 0.0132192
 0.000557359 0.133452 0.0178097 0.000265709 0.123406 0.0152292 0.0137876 0.0132117
 0.000555615 0.133395 0.0177944 0.000262389 0.123372 0.0152206 0.0137758 0.0132043
 0.000553884 0.133338 0.0177792 0.000259101 0.123337 0.0152121 0.013764 0.0131969
 0.000552167 0.133281 0.0177641 0.000255843 0.123303 0.0152036 0.0137523 0.0131895
 0.000550463 0.133224 0.017749 0.000252617 0.123269 0.0151952 0.0137406 0.0131822
 0.000548771 0.133168 0.017734 0.000249421 0.123234 0.0151868 0.013729 0.0131749
 0.000547093 0.133112 0.0177191 0.000246256 0.123201 0.0151785 0.0137175 0.0131677
 0.000545427 0.133056 0.0177043 0.00024312 0.123167 0.0151702 0.013706 0.0131605
 0.000543773 0.133001 0.0176896 0.000240014 0.123134 0.0151619 0.0136946 0.0131533
 0.000542133 0.132946 0.0176749 0.000236937 0.1231 0.0151537 0.0136832 0.0131462
 0.000540504 0.132891 0.0176603 0.000233889 0.123067 0.0151456 0.0136719 0.0131391
 0.000538888 0.132836 0.0176458 0.00023087 0.123034 0.0151374 0.0136607 0.0131321
 0.000537284 0.132782 0.0176313 0.00022788 0.123001 0.0151294 0.0136495 0.0131251
 0.000535692 0.132728 0.017617 0.000224917 0.122969 0.0151213 0.0136384 0.0131181
 0.000534112 0.132674 0.0176027 0.000221982 0.122936 0.0151134 0.0136273 0.0131112
 0.000532543 0.13262 0.0175885 0.000219075 0.122904 0.0151054 0.0136163 0.0131043
 0.000530987 0.132567 0.0175743 0.000216195 0.122872 0.0150975 0.0136054 0.0130975
 0.000529442 0.132514 0.0175602 0.000213342 0.12284 0.0150897 0.0135945 0.0130907
 0.000527909 0.132461 0.0175462 0.000210516 0.122808 0.0150818 0.0135836 0.0130839
 0.000526387 0.132408 0.0175323 0.000207716 0.122776 0.0150741 0.0135728 0.0130771
 0.000524876 0.132356 0.0175184 0.000204942 0.122745 0.0150663 0.0135621 0.0130704
 0.000523376 0.132304 0.0175046 0.000202194 0.122713 0.0150586 0.0135514 0.0130637
 0.000521888 0.132252 0.0174909 0.000199472 0.122682 0.015051 0.0135408 0.0130571
 0.00052041 0.1322 0.0174772 0.000196775 0.122651 0.0150434 0.0135302 0.0130505
 0.000518944 0.132149 0.0174636 0.000194103 0.12262 0.0150358 0.0135197 0.0130439
 0.000517488 0.132098 0.0174501 0.000191456 0.12259 0.0150283 0.0135092 0.0130374
 0.000516043 0.132047 0.0174366 0.000188834 0.122559 0.0150208 0.0134988 0.0130309
 0.000514609 0.131996 0.0174232 0.000186236 0.122529 0.0150133 0.0134884 0.0130244
 0.000513185 0.131945 0.0174099 0.000183662 0.122498 0.0150059 0.0134781 0.013018
 0.000511771 0.131895 0.0173966 0.000181111 0.122468 0.0149985 0.0134678 0.0130116
 0.000510368 0.131845 0.0173834 0.000178585 0.122438 0.0149912 0.0134576 0.0130052
 0.000508975 0.131795 0.0173703 0.000176082 0.122408 0.0149839 0.0134474 0.0129989
 0.000507593 0.131746 0.0173572 0.000173601 0.122379 0.0149766 0.0134373 0.0129926
 0.00050622 0.131696 0.0173442 0.000171144 0.122349 0.0149694 0.0134272 0.0129863
 0.000504857 0.131647 0.0173312 0.00016871 0.12232 0.0149622 0.0134172 0.0129801
 0.000503505 0.131598 0.0173183 0.000166298 0.122291 0.014955 0.0134072 0.0129738
 0.000502161 0.131549 0.0173055 0.000163907 0.122261 0.0149479 0.0133973 0.0129677
 0.000500828 0.131501 0.0172927 0.00016154 0.122232 0.0149408 0.0133874 0.0129615
 0.000499504 0.131453 0.01728 0.000159193 0.122204 0.0149337 0.0133775 0.0129554
 0.000498191 0.131404 0.0172674 0.000156869 0.122175 0.0149267 0.0133677 0.0129493
 0.000496885 0.131357 0.0172548 0.000154565 0.122146 0.0149197 0.013358 0.0129432
 0.000495591 0.131309 0.0172423 0.000152284 0.122118 0.0149128 0.0133483 0.0129372
 0.000494303 0.131261 0.0172298 0.00015002 0.122089 0.0149059 0.0133387 0.0129312
 0.000493028 0.131214 0.0172174 0.000147782 0.122061 0.014899 0.013329 0.0129252
 0.000491758 0.131167 0.017205 0.000145559 0.122033 0.0148921 0.0133195 0.0129193
 0.000490503 0.13112 0.0171927 0.000143363 0.122005 0.0148853 0.01331 0.0129134
 0.000489249 0.131073 0.0171805 0.000141177 0.121977 0.0148785 0.0133005 0.0129075
 0.000488014 0.131027 0.0171683 0.000139025 0.12195 0.0148718 0.013291 0.0129016
 0.000486774 0.130981 0.0171562 0.000136874 0.121922 0.014865 0.0132817 0.0128958
 0.000485561 0.130935 0.0171441 0.000134768 0.121895 0.0148584 0.0132723 0.01289
 0.000484332 0.130889 0.0171321 0.000132646 0.121867 0.0148517 0.013263 0.0128842
 0.000483146 0.130843 0.0171201 0.00013059 0.12184 0.0148451 0.0132537 0.0128785
 0.000481922 0.130797 0.0171082 0.000128491 0.121813 0.0148385 0.0132445 0.0128728
 0.000480768 0.130752 0.0170964 0.000126494 0.121786 0.0148319 0.0132353 0.0128671
 0.00047954 0.130707 0.0170845 0.000124402 0.121759 0.0148254 0.0132262 0.0128614
 0.000478432 0.130662 0.0170728 0.000122483 0.121733 0.0148189 0.0132171 0.0128557
 0.00047718 0.130617 0.0170611 0.000120372 0.121706 0.0148124 0.0132081 0.0128501
 0.000476143 0.130573 0.0170495 0.000118566 0.12168 0.014806 0.013199 0.0128445
 0.000474833 0.130528 0.0170379 0.000116386 0.121653 0.0147996 0.0131901 0.012839
 0.000473913 0.130484 0.0170263 0.000114758 0.121627 0.0147932 0.0131811 0.0128334
 0.00047248 0.13044 0.0170148 0.000112416 0.121601 0.0147868 0.0131722 0.012828
 0.000471768 0.130396 0.0170034 0.000111095 0.121575 0.0147805 0.0131634 0.0128224
 0.000470086 0.130353 0.016992 0.000108411 0.121549 0.0147742 0.0131546 0.012817
 0.000469755 0.130309 0.0169807 0.000107645 0.121523 0.0147679 0.0131458 0.0128115
 0.000467584 0.130266 0.0169694 0.000104273 0.121498 0.0147618 0.0131371 0.0128062
 0.000467967 0.130223 0.0169581 0.000104542 0.121472 0.0147554 0.0131284 0.0128007
 0.000464841 0.13018 0.016947 9.98105e-05 0.121447 0.0147494 0.0131197 0.0127955
 0.000466586 0.130137 0.0169358 0.000102053 0.12142 0.0147429 0.0131111 0.0127899
 0.0004616 0.130094 0.0169247 9.46454e-05 0.121397 0.0147373 0.0131025 0.012785
 0.000465974 0.130052 0.0169137 0.000100705 0.121369 0.0147305 0.0130939 0.0127791
 0.000457351 0.130009 0.0169027 8.80284e-05 0.121348 0.0147254 0.0130854 0.0127746
 0.00046685 0.129967 0.0168917 0.000101557 0.121318 0.014718 0.0130769 0.0127683
 0.000451078 0.129925 0.0168808 7.84606e-05 0.1213 0.0147138 0.0130685 0.0127646
 0.000470649 0.129884 0.01687 0.00010673 0.121265 0.0147053 0.0130601 0.0127572
 0.000440747 0.129842 0.0168592 6.29239e-05 0.121255 0.0147029 0.0130517 0.0127551
 0.000480257 0.1298 0.0168484 0.000120514 0.121211 0.014692 0.0130434 0.0127457
 0.000422252 0.129759 0.0168377 3.53001e-05 0.121215 0.014693 0.0130351 0.0127466
 0.00050152 0.129718 0.016827 0.000151638 0.12115 0.0146775 0.0130269 0.0127331
 0.000387256 0.129678 0.0168165 -1.68955e-05 0.121184 0.0146855 0.0130187 0.01274
 0.000546348 0.129637 0.016806 0.000217964 0.12108 0.0146604 0.0130106 0.0127182
 0.000318725 0.129598 0.0167957 -0.000119305 0.121172 0.0146826 0.0130026 0.0127375
 0.000639161 0.129558 0.0167857 0.00035628 0.120989 0.0146385 0.0129949 0.0126992
 0.000181627 0.129523 0.0167763 -0.000324939 0.121203 0.0146902 0.0129876 0.0127441
 0.000830356 0.129489 0.016768 0.000642795 0.120865 0.0146087 0.0129811 0.0126734
 -9.65172e-05 0.129467 0.0167618 -0.000744129 0.121339 0.0147237 0.0129764 0.0127732
 0.00122462 0.129456 0.0167602 0.00123624 0.120706 0.0145714 0.0129751 0.0126411
 -0.000666534 0.129489 0.0167678 -0.000187442 0.121063 0.0146563 0.012981 0.0127147
 0.000687387 0.129341 0.0167295 0.00012302 0.120941 0.0146268 0.0129513 0.0126891
 0.000391852 0.129316 0.0167228 5.52399e-05 0.120952 0.0146293 0.0129461 0.0126913
 0.000455721 0.129296 0.0167176 6.93129e-05 0.120935 0.0146253 0.0129421 0.0126878
 0.000441353 0.129276 0.0167125 6.54127e-05 0.120925 0.0146228 0.0129382 0.0126856
 0.000443967 0.129256 0.0167074 6.53992e-05 0.120913 0.0146199 0.0129342 0.0126831
 0.000442845 0.129237 0.0167023 6.45182e-05 0.120901 0.0146171 0.0129303 0.0126807
 0.000442534 0.129217 0.0166973 6.38228e-05 0.12089 0.0146143 0.0129264 0.0126783
 0.000442043 0.129198 0.0166922 6.30857e-05 0.120878 0.0146115 0.0129225 0.0126758
 0.000441593 0.129178 0.0166872 6.2359e-05 0.120867 0.0146087 0.0129186 0.0126734
 0.000441135 0.129159 0.0166822 6.16322e-05 0.120855 0.0146059 0.0129147 0.012671
 0.00044068 0.129139 0.0166771 6.09084e-05 0.120844 0.0146032 0.0129108 0.0126686
 0.000440226 0.12912 0.0166721 6.01871e-05 0.120832 0.0146004 0.0129069 0.0126662
 0.000439773 0.1291 0.0166671 5.94688e-05 0.120821 0.0145976 0.0129031 0.0126638
 0.000439322 0.129081 0.0166621 5.87533e-05 0.120809 0.0145949 0.0128992 0.0126614
 0.000438873 0.129062 0.0166572 5.80409e-05 0.120798 0.0145921 0.0128953 0.012659
 0.000438425 0.129043 0.0166522 5.73316e-05 0.120786 0.0145894 0.0128915 0.0126567
 0.000437978 0.129023 0.0166472 5.66253e-05 0.120775 0.0145866 0.0128876 0.0126543
 0.000437533 0.129004 0.0166423 5.5922e-05 0.120764 0.0145839 0.0128838 0.0126519
 0.00043709 0.128985 0.0166373 5.52219e-05 0.120753 0.0145812 0.01288 0.0126495
 0.000436648 0.128966 0.0166324 5.45248e-05 0.120741 0.0145785 0.0128762 0.0126472
 0.000436207 0.128947 0.0166275 5.38308e-05 0.12073 0.0145757 0.0128724 0.0126448
 0.000435768 0.128928 0.0166226 5.31398e-05 0.120719 0.014573 0.0128686 0.0126425
 0.00043533 0.128909 0.0166177 5.24519e-05 0.120708 0.0145703 0.0128648 0.0126401
 0.000434893 0.12889 0.0166128 5.1767e-05 0.120696 0.0145676 0.012861 0.0126378
 0.000434458 0.128871 0.0166079 5.10851e-05 0.120685 0.0145649 0.0128572 0.0126354
 0.000434025 0.128852 0.016603 5.04062e-05 0.120674 0.0145622 0.0128534 0.0126331
 0.000433593 0.128833 0.0165981 4.97303e-05 0.120663 0.0145595 0.0128497 0.0126308
 0.000433162 0.128814 0.0165933 4.90574e-05 0.120652 0.0145569 0.0128459 0.0126284
 0.000432732 0.128795 0.0165885 4.83874e-05 0.120641 0.0145542 0.0128422 0.0126261
 0.000432304 0.128777 0.0165836 4.77204e-05 0.12063 0.0145515 0.0128384 0.0126238
 0.000431878 0.128758 0.0165788 4.70563e-05 0.120619 0.0145489 0.0128347 0.0126215
 0.000431453 0.128739 0.016574 4.63952e-05 0.120608 0.0145462 0.0128309 0.0126192
 0.000431029 0.128721 0.0165692 4.57369e-05 0.120597 0.0145435 0.0128272 0.0126169
 0.000430607 0.128702 0.0165644 4.50816e-05 0.120586 0.0145409 0.0128235 0.0126146
 0.000430185 0.128683 0.0165596 4.44291e-05 0.120575 0.0145383 0.0128198 0.0126123
 0.000429766 0.128665 0.0165548 4.37795e-05 0.120564 0.0145356 0.0128161 0.01261
 0.000429347 0.128646 0.01655 4.31327e-05 0.120553 0.014533 0.0128124 0.0126077
 0.00042893 0.128628 0.0165453 4.24888e-05 0.120542 0.0145304 0.0128087 0.0126054
 0.000428515 0.128609 0.0165405 4.18478e-05 0.120531 0.0145277 0.012805 0.0126032
 0.000428101 0.128591 0.0165358 4.12095e-05 0.12052 0.0145251 0.0128014 0.0126009
 0.000427688 0.128572 0.016531 4.05741e-05 0.120509 0.0145225 0.0127977 0.0125986
 0.000427276 0.128554 0.0165263 3.99414e-05 0.120499 0.0145199 0.0127941 0.0125964
 0.000426866 0.128536 0.0165216 3.93115e-05 0.120488 0.0145173 0.0127904 0.0125941
 0.000426457 0.128517 0.0165169 3.86844e-05 0.120477 0.0145147 0.0127868 0.0125919
 0.000426049 0.128499 0.0165122 3.806e-05 0.120466 0.0145121 0.0127831 0.0125896
 0.000425643 0.128481 0.0165075 3.74384e-05 0.120455 0.0145095 0.0127795 0.0125874
 0.000425238 0.128463 0.0165028 3.68195e-05 0.120445 0.0145069 0.0127759 0.0125851
 0.000424834 0.128444 0.0164982 3.62033e-05 0.120434 0.0145044 0.0127723 0.0125829
 0.000424432 0.128426 0.0164935 3.55898e-05 0.120423 0.0145018 0.0127686 0.0125807
 0.000424031 0.128408 0.0164889 3.49791e-05 0.120413 0.0144992 0.012765 0.0125784
 0.000423631 0.12839 0.0164842 3.4371e-05 0.120402 0.0144967 0.0127615 0.0125762
 0.000423232 0.128372 0.0164796 3.37655e-05 0.120391 0.0144941 0.0127579 0.012574
 0.000422835 0.128354 0.0164749 3.31627e-05 0.120381 0.0144915 0.0127543 0.0125718
 0.000422439 0.128336 0.0164703 3.25626e-05 0.12037 0.014489 0.0127507 0.0125696
 0.000422045 0.128318 0.0164657 3.19651e-05 0.12036 0.0144864 0.0127471 0.0125674
 0.000421651 0.1283 0.0164611 3.13702e-05 0.120349 0.0144839 0.0127436 0.0125652
 0.000421259 0.128282 0.0164565 3.07779e-05 0.120339 0.0144814 0.01274 0.012563
 0.000420868 0.128264 0.0164519 3.01882e-05 0.120328 0.0144788 0.0127365 0.0125608
 0.000420478 0.128247 0.0164474 2.96011e-05 0.120318 0.0144763 0.0127329 0.0125586
 0.00042009 0.128229 0.0164428 2.90166e-05 0.120307 0.0144738 0.0127294 0.0125564
 0.000419703 0.128211 0.0164383 2.84346e-05 0.120297 0.0144713 0.0127259 0.0125542
 0.000419317 0.128193 0.0164337 2.78552e-05 0.120286 0.0144688 0.0127224 0.012552
 0.000418932 0.128176 0.0164292 2.72783e-05 0.120276 0.0144663 0.0127188 0.0125499
 0.000418549 0.128158 0.0164246 2.67039e-05 0.120265 0.0144638 0.0127153 0.0125477
 0.000418166 0.12814 0.0164201 2.61321e-05 0.120255 0.0144613 0.0127118 0.0125455
 0.000417785 0.128123 0.0164156 2.55627e-05 0.120245 0.0144588 0.0127083 0.0125434
 0.000417406 0.128105 0.0164111 2.49959e-05 0.120234 0.0144563 0.0127048 0.0125412
 0.000417027 0.128088 0.0164066 2.44315e-05 0.120224 0.0144538 0.0127014 0.012539
 0.000416649 0.12807 0.0164021 2.38696e-05 0.120214 0.0144513 0.0126979 0.0125369
 0.000416273 0.128053 0.0163976 2.33102e-05 0.120203 0.0144489 0.0126944 0.0125348
 0.000415898 0.128035 0.0163931 2.27532e-05 0.120193 0.0144464 0.012691 0.0125326
 0.000415524 0.128018 0.0163887 2.21987e-05 0.120183 0.0144439 0.0126875 0.0125305
 0.000415152 0.128 0.0163842 2.16465e-05 0.120173 0.0144415 0.012684 0.0125283
 0.00041478 0.127983 0.0163798 2.10968e-05 0.120162 0.014439 0.0126806 0.0125262
 0.00041441 0.127965 0.0163753 2.05495e-05 0.120152 0.0144366 0.0126772 0.0125241
 0.000414041 0.127948 0.0163709 2.00046e-05 0.120142 0.0144341 0.0126737 0.012522
 0.000413673 0.127931 0.0163665 1.94621e-05 0.120132 0.0144317 0.0126703 0.0125199
 0.000413306 0.127914 0.0163621 1.8922e-05 0.120122 0.0144293 0.0126669 0.0125177
 0.000412941 0.127896 0.0163577 1.83842e-05 0.120112 0.0144268 0.0126635 0.0125156
 0.000412576 0.127879 0.0163533 1.78488e-05 0.120102 0.0144244 0.0126601 0.0125135
 0.000412213 0.127862 0.0163489 1.73157e-05 0.120092 0.014422 0.0126567 0.0125114
 0.000411851 0.127845 0.0163445 1.6785e-05 0.120081 0.0144196 0.0126533 0.0125093
 0.00041149 0.127828 0.0163401 1.62565e-05 0.120071 0.0144171 0.0126499 0.0125072
 0.00041113 0.127811 0.0163357 1.57304e-05 0.120061 0.0144147 0.0126465 0.0125051
 0.000410771 0.127794 0.0163314 1.52066e-05 0.120051 0.0144123 0.0126431 0.012503
 0.000410414 0.127777 0.016327 1.46851e-05 0.120041 0.0144099 0.0126398 0.012501
 0.000410057 0.12776 0.0163227 1.41659e-05 0.120031 0.0144075 0.0126364 0.0124989
 0.000409702 0.127743 0.0163183 1.36489e-05 0.120021 0.0144051 0.012633 0.0124968
 0.000409348 0.127726 0.016314 1.31342e-05 0.120011 0.0144027 0.0126297 0.0124947
 0.000408994 0.127709 0.0163097 1.26218e-05 0.120001 0.0144004 0.0126263 0.0124927
 0.000408642 0.127692 0.0163054 1.21116e-05 0.119992 0.014398 0.012623 0.0124906
 0.000408292 0.127675 0.0163011 1.16036e-05 0.119982 0.0143956 0.0126197 0.0124885
 0.000407942 0.127658 0.0162968 1.10978e-05 0.119972 0.0143932 0.0126163 0.0124865
 0.000407593 0.127641 0.0162925 1.05943e-05 0.119962 0.0143909 0.012613 0.0124844
 0.000407246 0.127625 0.0162882 1.0093e-05 0.119952 0.0143885 0.0126097 0.0124824
 0.000406899 0.127608 0.0162839 9.59386e-06 0.119942 0.0143861 0.0126064 0.0124803
 0.000406554 0.127591 0.0162797 9.09691e-06 0.119932 0.0143838 0.0126031 0.0124783
 0.000406209 0.127574 0.0162754 8.60214e-06 0.119923 0.0143814 0.0125998 0.0124763
 0.000405866 0.127558 0.0162711 8.10954e-06 0.119913 0.0143791 0.0125965 0.0124742
 0.000405524 0.127541 0.0162669 7.6191e-06 0.119903 0.0143768 0.0125932 0.0124722
 0.000405183 0.127524 0.0162627 7.1308e-06 0.119893 0.0143744 0.0125899 0.0124702
 0.000404843 0.127508 0.0162584 6.64465e-06 0.119884 0.0143721 0.0125867 0.0124681
 0.000404504 0.127491 0.0162542 6.16062e-06 0.119874 0.0143698 0.0125834 0.0124661
 0.000404166 0.127475 0.01625 5.67872e-06 0.119864 0.0143674 0.0125801 0.0124641
 0.000403829 0.127458 0.0162458 5.19892e-06 0.119855 0.0143651 0.0125769 0.0124621
 0.000403493 0.127442 0.0162416 4.72123e-06 0.119845 0.0143628 0.0125736 0.0124601
 0.000403158 0.127425 0.0162374 4.24564e-06 0.119835 0.0143605 0.0125704 0.0124581
 0.000402825 0.127409 0.0162332 3.77213e-06 0.119826 0.0143582 0.0125671 0.0124561
 0.000402492 0.127393 0.016229 3.30069e-06 0.119816 0.0143559 0.0125639 0.0124541
 0.00040216 0.127376 0.0162249 2.83133e-06 0.119806 0.0143536 0.0125607 0.0124521
 0.00040183 0.12736 0.0162207 2.36402e-06 0.119797 0.0143513 0.0125574 0.0124501
 0.0004015 0.127344 0.0162165 1.89876e-06 0.119787 0.014349 0.0125542 0.0124481
 0.000401172 0.127327 0.0162124 1.43555e-06 0.119778 0.0143467 0.012551 0.0124461
 0.000400844 0.127311 0.0162082 9.74364e-07 0.119768 0.0143444 0.0125478 0.0124441
 0.000400517 0.127295 0.0162041 5.15205e-07 0.119759 0.0143421 0.0125446 0.0124421
 0.000400192 0.127279 0.0162 5.80614e-08 0.119749 0.0143398 0.0125414 0.0124402
 0.000399868 0.127262 0.0161959 -3.97075e-07 0.11974 0.0143376 0.0125382 0.0124382
 0.000399544 0.127246 0.0161917 -8.50212e-07 0.11973 0.0143353 0.012535 0.0124362
 0.000399222 0.12723 0.0161876 -1.30136e-06 0.119721 0.014333 0.0125319 0.0124343
 0.0003989 0.127214 0.0161835 -1.75052e-06 0.119711 0.0143308 0.0125287 0.0124323
 0.00039858 0.127198 0.0161794 -2.19771e-06 0.119702 0.0143285 0.0125255 0.0124303
 0.00039826 0.127182 0.0161754 -2.64294e-06 0.119692 0.0143263 0.0125224 0.0124284
 0.000397942 0.127166 0.0161713 -3.08621e-06 0.119683 0.014324 0.0125192 0.0124264
 0.000397624 0.12715 0.0161672 -3.52753e-06 0.119674 0.0143218 0.012516 0.0124245
 0.000397308 0.127134 0.0161631 -3.9669e-06 0.119664 0.0143195 0.0125129 0.0124225
 0.000396992 0.127118 0.0161591 -4.40435e-06 0.119655 0.0143173 0.0125098 0.0124206
