 0.0575941
 0.926566
 -0.201833
 1.69395
 1.20242
 -0.751574
 -1.69387
 -1.54648
 -1.57553
 -1.02279
 -1.2709
 -0.618253
 0.298893
 0.783002
 1.12651
 0.430348
 -0.578112
 -1.081
 -0.78193
 -0.9546
 1.19371
 -0.239986
 0.193016
 1.20033
 -0.601797
 1.70236
 1.19269
 1.27584
 0.479315
 -0.670329
 -1.62195
 -0.620803
 -1.08891
 0.418056
 0.386572
 -0.339971
 -0.343198
 0.22878
 -0.832247
 1.13841
 0.160062
 -0.65291
 0.865197
 0.598311
 -0.438898
 -0.525189
 0.190917
 -0.793173
 -1.69762
 -0.991493
 -1.05927
 0.0294301
 0.108762
 1.48518
 0.154457
 -0.117223
 0.222458
 0.352732
 2.32825
 -0.291663
 -0.7685
 -0.00334822
 -0.342658
 1.02961
 1.19955
 0.125613
 1.50049
 1.33253
 0.556669
 -0.190406
 -0.823323
 -0.268337
 -2.16984
 -2.31132
 -1.33369
 -1.1573
 -1.47957
 -2.36931
 -0.693104
 -1.74677
 -1.6819
 0.606097
 -0.972171
 0.587165
 0.232313
 -0.528332
 0.369514
 0.870141
 -0.08407
 1.91944
 -0.0149581
 1.77017
 0.521495
 0.658864
 -1.64038
 0.386293
 -0.367276
 -1.62557
 -0.161102
 0.607654
 0.672043
 0.33863
 0.739204
 0.707756
 0.666136
 0.133445
 -0.226803
 -0.568433
 -0.0249695
 0.746614
 -0.132758
 -0.703117
 -1.0103
 0.171436
 0.612458
 -0.716681
 2.00851
 -0.366905
 0.334484
 0.761431
 -0.387112
 1.52892
 0.367097
 -0.219921
 3.12742
 0.758557
 0.635795
 -0.44438
 -1.88408
 -2.64289
 -0.608315
 -0.488853
 0.4353
 0.0375788
 -0.0303634
 0.533915
 0.736828
 0.365271
 0.894723
 0.136537
 -0.334626
 0.362654
 0.104614
 -0.399666
 0.282938
 0.417091
 0.499622
 1.14031
 0.00995529
 1.14245
 1.36014
 2.32634
 1.09693
 1.28824
 1.88702
 1.29083
 0.904201
 0.829928
 -0.588565
 0.105716
 -1.20557
 -0.0443454
 -0.759236
 -0.934572
 0.00422489
 0.35897
 1.34356
 0.240528
 -0.679404
 0.379764
 0.294576
 2.27936
 0.16177
 2.51622
 1.97399
 1.9578
 1.08367
 0.52998
 0.0927644
 -0.0882523
 0.237561
 -0.143562
 -0.691563
 -0.34879
 -0.025447
 -2.78422
 0.894193
 -0.821811
 -1.13955
 -1.78807
 -0.89846
 -1.04317
 -0.470788
 -1.42152
 -1.48782
 -1.82799
 0.462399
 0.684538
 -1.16133
 0.773547
 0.244868
 -0.229729
 1.70078
 1.62001
 1.96163
 2.39785
 1.34559
 1.18853
 0.709072
 -0.653659
 0.524084
 -0.742023
 -0.424385
 -0.115995
 -1.85059
 -0.305993
 -2.48723
 -1.74383
 -1.20804
 -1.69603
 -1.10763
 -1.46626
 -0.32712
 -1.74723
 -0.165461
 0.485532
 -0.612458
 -0.347771
 -0.411599
 -1.55116
 -1.99182
 -0.779035
 -0.610196
 -1.87938
 -1.78281
 -1.34118
 -0.968235
 0.0153844
 0.765129
 0.569284
 -0.753603
 -0.236076
 0.268131
 -0.0339516
 2.55704
 0.774676
 0.321718
 0.376415
 -0.159022
 -1.21557
 -0.804476
 -0.519389
 -0.776293
 -0.00702235
 0.689581
 -1.75597
 -1.76287
 -1.85051
 -1.61172
 -1.73439
 -0.862271
 -0.4032
 0.330871
 -0.437604
 -0.83689
 -0.490698
 -0.194784
 -0.559593
 -1.66835
 -1.17866
 -2.80933
 0.153936
 -1.1181
 1.44258
 1.22185
 0.793507
 1.51436
 2.12241
 1.31264
 1.19105
 1.99608
 1.39986
 0.545422
 0.59624
 0.750676
 0.474398
 0.256295
 0.968285
 1.22519
 0.243567
 -0.999787
 -1.41686
 -0.769691
 -2.09164
 -3.02647
 -2.37778
 -0.0899887
 -3.07808
 -1.79078
 -2.19205
 -2.37569
 -0.728424
 0.0869663
 -0.982988
 -0.163128
 0.106343
 0.946932
 1.81499
 1.38245
 0.201894
 -0.445722
 -1.37901
 -0.761785
 -0.0891285
 -1.64418
 -0.662891
 -2.25006
 -0.645078
 -0.988462
 1.26111
 -0.846877
 -0.144724
 -1.31064
 -0.969842
 -0.094007
 -0.0864251
 0.990799
 1.61086
 2.05387
 2.13283
 1.19947
 0.998727
 2.48249
 -0.0147791
 0.582845
 -1.35205
 0.843015
 -0.629267
 1.64383
 0.714815
 0.118233
 -0.366392
 0.891499
 0.54764
 0.799643
 -0.449376
 0.25089
 0.252807
 1.07031
 0.266154
 -1.85812
 0.615527
 -2.04839
 0.0365559
 -1.03452
 1.52887
 0.376047
 -0.0111224
 -0.773086
 -2.93314
 -1.85842
 -1.90884
 -2.4514
 -1.46911
 -1.36312
 -0.725493
 -1.44035
 -0.739803
 0.798747
 -1.13359
 0.320003
 -0.517489
 0.523037
 0.887887
 -0.2397
 -0.422309
 -0.691152
 0.799347
 -0.124052
 0.35858
 -1.6117
 -0.343615
 -0.947303
 -0.270058
 0.177571
 -0.598975
 1.60882
 0.400428
 -0.637613
 1.20553
 -0.540388
 -0.0867067
 -0.252667
 0.0387145
 -1.18203
 -0.187149
 -1.21746
 0.355022
 -1.82867
 -0.958753
 0.0628507
 -0.400347
 -1.14936
 0.0271472
 -0.529435
 -1.5452
 -1.30727
 -1.86052
 -0.978494
 -0.979639
 -0.331312
 0.426903
 -0.411176
 -1.75468
 -0.413579
 -0.352766
 -1.09655
 -2.04343
 -2.14332
 -2.82168
 -0.802887
 -2.54833
 -0.395488
 -1.05554
 1.28602
 0.0563463
 -0.54556
 1.25647
 -0.966571
 0.332538
 -0.172941
 -0.40317
 0.410062
 1.65443
 -0.219468
 0.505092
 -0.552353
 0.578129
 0.0441051
 0.213297
 -0.78008
 -1.61593
 -2.59694
 -2.59407
 -0.863265
 -1.71353
 -0.222592
 0.121703
 -0.314749
 -0.0537074
 1.45383
 0.573903
 -0.0690684
 0.640268
 0.13389
 0.806736
 0.278299
 1.50808
 0.996367
 1.44562
 0.0322054
 -0.682768
 -0.200398
 0.161209
 0.733424
 1.19918
 0.720268
 1.63379
 1.46741
 0.0279955
 -1.05463
 0.693803
 -0.226032
 -0.950555
 -0.844806
 -0.0163818
 -1.02997
 -0.923555
 -1.74406
 -0.855336
 -1.03601
 -0.824924
 -1.40657
 -0.56297
 -0.92884
 -0.350371
 -0.774569
 -0.709726
 -1.09512
 -2.76342
 -1.27035
 -2.79631
 -2.00262
 -2.63969
 -2.68362
 -2.90648
 -1.31931
 -1.88216
 -0.733384
 -1.75593
 -0.515672
 -0.299323
 -0.991327
 -1.07257
 -1.53173
 -0.735796
 -1.47044
 -0.278133
 0.459171
 -0.984142
 -0.985857
 -2.38019
 -2.40372
 -2.71918
 -0.463561
 -1.85434
 -1.63388
 -1.78447
 -2.82445
 0.365769
 -0.522777
 0.392299
 -0.693014
 -1.25965
 -1.61576
 -0.880261
 -0.448345
 -1.55473
 -0.680461
 -0.86461
 0.88438
 0.927483
 2.61572
 0.712869
 0.553771
 0.637537
 0.000640105
 0.91963
 0.122436
 -0.402078
 0.17638
 -0.434847
 2.22348
 1.82058
 0.60379
 1.38987
 0.509154
 -0.315551
 0.155435
 -1.38417
 0.76568
 -0.0952599
 0.860371
 -0.190669
 0.600475
 1.45628
 1.24231
 0.207602
 1.30017
 0.0634007
 1.02666
 0.969614
 0.405417
 0.471692
 0.208193
 0.153969
 0.757439
 -0.0412467
 0.357786
 -0.907906
 -0.242929
 -0.521784
 -2.30818
 -2.25751
 -1.13352
 -1.75459
 0.442487
 -0.469976
 -0.450703
 -0.700208
 0.279575
 -1.32474
 0.196055
 0.0458433
 0.114991
 0.0561774
 -0.175998
 -1.0442
 -0.636355
 -0.588383
 0.18278
 -0.747792
 -1.14583
 -0.247412
 1.24025
 -0.0120939
 0.872436
 1.08537
 1.79351
 1.08665
 1.07764
 0.425436
 0.0720447
 0.359719
 0.667792
 -0.102164
 -0.843108
 -1.08616
 -1.52129
 -0.693924
 -1.215
 -0.971316
 -0.559994
 0.744344
 0.612828
 3.01003
 2.4323
 2.30027
 1.52205
 0.594253
 1.22229
 0.842261
 0.693644
 0.863492
 1.88686
 1.02284
 0.412863
 -0.993862
 -0.354872
 -0.841991
 0.832332
 0.248093
 -0.392222
 -0.288981
 1.09247
 1.11324
 1.1128
 0.286831
 0.504431
 -0.607134
 1.71344
 -0.574194
 1.92708
 -0.678725
 0.350498
 0.18961
 0.38371
 -0.901361
 0.906896
 -1.77607
 1.03386
 -0.137966
 1.62434
 1.91446
 1.08522
 0.977938
 1.05204
 0.0129637
 0.731726
 0.78806
 -0.69524
 -0.0170338
 1.62336
 0.935683
 0.435424
 -0.255009
 1.79617
 -0.994737
 1.29366
 -1.22114
 -0.223691
 -2.25428
 -0.710285
 -0.865816
 -0.508844
 -1.02576
 -0.732872
 0.686255
 -1.44199
 0.650687
 -0.292285
 0.137551
 -0.121678
 -0.351766
 -2.66762
 -1.34172
 -2.14004
 -1.28799
 -1.09484
 -0.628135
 -1.99589
 -2.00696
 -2.1023
 -1.16419
 -0.954238
 -0.286463
 -0.564764
 0.625967
 -1.59014
 -0.891957
 -1.96889
 -2.39008
 -0.978996
 -1.20157
 -0.769238
 -0.642548
 0.155588
 -0.681169
 -0.46637
 -0.543632
 0.304287
 -0.668741
 -0.352974
 2.72002
 1.83298
 3.39228
 1.28133
 0.194466
 0.379596
 0.476428
 0.81931
 0.550303
 -0.345108
 1.51749
 0.0520689
 1.48773
 0.0859805
 1.67732
 -1.47622
 0.0774454
 -1.18591
 1.51846
 0.422089
 0.580854
 -0.103447
 0.608556
 1.44765
 0.461892
 0.688483
 1.14808
 1.65409
 1.56874
 0.540673
 0.647838
 -0.0798588
 -1.26719
 -0.82966
 -1.31862
 -0.405219
 -0.912499
 2.16789
 1.45401
 2.60287
 0.794266
 1.57611
 2.06265
 1.48287
 2.6229
 0.0548666
 0.5489
 -0.522325
 -0.264537
 -0.206466
 -0.395518
 -0.649636
 1.51554
 0.437378
 1.56532
 0.288316
 1.39617
 0.377976
 0.900369
 -0.494032
 0.572012
 -0.703193
 -0.627516
 1.16106
 0.252311
 -0.0545447
 -0.392501
 0.473332
 -0.693572
 0.0830427
 -0.284435
 1.50198
 -0.0870383
 -0.824604
 -1.2364
 -0.744469
 -0.714563
 0.110595
 0.517295
 -0.129855
 0.476198
 0.106668
 0.726219
 0.00159666
 -0.403221
 0.0796572
 -1.11362
 -0.022434
 0.57208
 2.7886
 1.29614
 0.585763
 0.017604
 -0.679042
 -0.57782
 -0.832344
 -2.03047
 -0.784262
 -1.47764
 -0.113069
 -0.622071
 -1.89838
 -1.09112
 -1.76131
 -1.00504
 -0.0717184
 0.452097
 0.0767905
 -0.404984
 -1.36876
 -0.947762
 -1.14474
 -1.86695
 0.204422
 -0.985881
 -1.22907
 -0.994875
 -0.955072
 -0.323396
 0.304555
 -0.0603339
 -0.94662
 -0.362096
 -0.74672
 -0.477553
 -0.358603
 -0.293559
 -1.4593
 -1.38834
 -0.637787
 -0.991743
 -1.23772
 0.320765
 -0.510897
 0.217578
 0.54139
 -0.273202
 -0.138444
 -1.22868
 -0.994516
 0.127177
 -0.203922
 0.0214579
 -0.655202
 -1.53455
 0.0493225
 -1.63992
 -1.32229
 -1.42065
 -2.65327
 -1.13592
 -0.431743
 -0.705924
 0.0914737
 -0.430792
 -2.12607
 0.230228
 -0.380291
 0.0483366
 0.409598
 0.542471
 -1.08178
 -1.2017
 -0.491879
 -2.13313
 -0.449181
 -2.47574
 -1.14075
 -0.624578
 0.361054
 -0.918815
 -1.81475
 -1.58199
 -0.529113
 0.305745
 0.960234
 1.56555
 0.297144
 0.974709
 0.35322
 0.675882
 -1.35631
 1.00944
 -1.30569
 -0.0850269
 -1.1063
 -1.5191
 -1.4709
 -1.23642
 -0.823746
 0.0682873
 -0.0624797
 -1.32037
 -1.57484
 -2.24512
 -2.0828
 -1.04855
 -0.873262
 -1.68019
 0.339376
 -2.1657
 -0.976884
 -0.861876
 -1.31722
 -0.671499
 -0.546953
 0.0242363
 -1.04759
 2.01714
 -0.299142
 0.500329
 -0.203525
 0.792687
 3.21346
 0.607051
 1.56574
 1.0541
 -0.605301
 0.207051
 1.14351
 0.629419
 -1.07439
 0.672155
 -1.14911
 -0.712426
 -0.0776861
 -0.2634
 1.44768
 0.131201
 1.19588
 0.346028
 -0.143307
 -0.593948
 -1.07205
 -0.167977
 0.644168
 1.22947
 1.2515
 1.31827
 1.86478
 0.816537
 1.72685
 0.0891286
 0.316432
 0.674098
 -0.0725748
 -0.183502
 0.794784
 0.356885
 2.51716
 0.698107
 1.14703
 -0.395634
 0.0401007
 0.145742
 -0.398528
 0.959497
 -0.934326
 1.33565
 0.664684
 2.08609
 1.63506
 0.373551
 0.554493
 -1.01071
 -0.439148
 -0.941624
 0.14969
 -0.488494
 0.929731
 -1.13791
 1.04386
 -2.06718
 0.241735
 0.550887
 0.87655
 0.401952
 0.249358
 -0.603948
 -0.842111
 0.596991
 0.796213
 0.682356
 1.89168
 0.643629
 0.172063
 0.129659
 0.678506
 0.525631
 1.19881
 0.594015
 0.970523
 0.983784
 0.967197
 0.371705
 1.65495
 -1.03553
 -0.792558
 -0.460603
 -1.38314
 -1.2855
 1.15775
 -0.861409
 0.180655
 0.286843
 0.198894
 1.50553
 -1.29213
 -0.821872
 0.531314
 -0.00428527
 -0.668949
 0.164933
 -0.905486
 -0.252278
 0.353948
 0.525049
 -0.909098
 0.342876
 -0.838456
 -0.477874
 -1.80653
 -0.245357
 1.05065
 0.606888
 -0.0839357
 0.509463
 -0.529491
 -0.829304
 -0.101172
 -0.163814
 -0.408316
 -1.49779
 0.102048
 0.00966038
 1.3134
 0.574533
 1.17237
 0.896256
 1.79025
 1.30896
 1.81734
 1.81461
 1.66507
 0.754839
 1.51106
 0.194251
 0.527678
 0.80486
 -0.0575221
 0.485895
 -0.873163
 0.0281244
 0.482484
 0.483862
 -0.367156
 0.606187
 0.904984
 0.107199
 -0.565083
 0.534598
 1.04705
 1.24415
 1.4567
 1.98263
 2.57296
 2.1128
 2.4108
 0.233553
 1.4487
 -0.198722
 0.214324
 0.405316
 0.538945
 0.0782406
 -0.668912
 0.331297
 -0.621349
 -0.404074
 -1.01558
 -0.780359
 -0.770257
 -0.444858
 -0.657882
 -1.18556
 -1.12989
 -2.08424
 -0.708243
 -1.44557
 -0.253814
 -1.09692
 0.0150282
 -0.0570505
 -1.08
 -0.0999899
 -1.6131
 -2.17079
 -0.801878
 -1.15294
 0.511236
 2.05983
 2.53055
 1.21682
 0.275163
 0.810186
 -0.158001
 0.265931
 -0.242862
 0.370242
 0.641981
 1.17035
 -1.02138
 0.736623
 -0.130772
 1.09388
 -0.106418
 1.76576
 0.741708
 -0.183208
 -0.438794
 -0.701959
 -2.1669
 -2.94292
 -2.91868
 -1.52993
 -0.970123
 -1.22081
 -0.597751
 0.285501
 -0.0623835
 -1.06989
 -0.669964
 -1.4855
 -1.07594
 -3.30959
 -1.76907
 -4.44242
 -0.078732
 -0.622425
 -1.3227
 0.343405
 -0.217152
 -0.0871852
 0.393961
 -1.38201
 -0.374069
 -1.49533
 -1.7016
 -0.0254026
 -1.13605
 2.21061
 -0.468125
 0.15127
 -1.13558
 -1.00251
 0.572674
 -0.469964
 1.37394
 0.782368
 2.86911
 2.18207
 1.4933
 0.215502
 0.956507
 -1.55324
 -0.89579
 -1.66192
 0.217785
 -1.68442
 -0.832694
 -2.05681
 0.577012
 0.956251
 0.131755
 0.617181
 -0.780666
 0.213456
 -1.26265
 -1.03774
 -1.75684
 -0.399037
 -1.6108
 -0.51122
 -0.829637
 -0.949056
 -0.374378
 -1.40621
 -1.62832
 -0.855106
 -0.611047
 0.893082
 0.518233
 1.25491
 0.430338
 1.03093
 0.117946
 0.461357
 0.670513
 0.0456292
 1.08803
 0.607808
 0.604002
 -0.00652303
 -0.104887
 0.0593117
 -0.106943
 0.513559
 1.00719
 0.122507
 0.328869
 2.02512
 1.54929
 0.782416
 0.505799
 -0.782703
 0.28861
 -0.109751
 -0.437594
 -0.221238
 0.481009
 -0.110497
 -1.04634
 0.601424
 0.823184
 1.82229
 1.59592
 1.23427
 2.12349
 1.78839
 -0.277598
 0.760806
 -0.153066
 1.04715
 0.44148
 1.49837
 1.62085
 1.10988
 -0.767572
 0.522673
 1.2566
 0.852938
 -0.667924
 0.712185
 0.0423074
 -1.18118
 -0.196958
 -0.383509
 -0.14468
 0.483971
 0.974276
 -0.577181
 0.449153
 -0.380164
 -0.347064
 -1.23007
 -0.195416
 -1.45943
 -0.220058
 0.687477
 -0.584753
 -0.920813
 -0.771564
 1.03982
 0.509606
 0.095
 -0.322768
 -1.66607
 -0.545845
 -0.42898
 -0.842228
 1.89114
 2.41467
 1.08808
 1.31622
 0.809646
 0.912918
 0.746333
 0.973455
 0.45457
 1.21963
 -0.148621
 1.27978
 0.644562
 0.0970131
 0.857037
 -1.01315
 -1.13894
 -0.678221
 -0.495174
 -1.31133
 0.420315
 -1.70835
 1.05158
 -1.06792
 -1.4527
 -0.170273
 -0.173764
 -1.50489
 -1.13107
 -0.197654
 -1.03382
 0.654079
 0.902987
 3.22173
 2.80877
 1.58227
 0.0995377
 0.999068
 -0.258995
 -0.988257
 -1.58907
 -1.53226
 -0.87461
 0.182729
 0.0110544
 -0.733566
 -0.220791
 -0.994967
 0.261984
 -0.127496
 0.609346
 1.08368
 1.45067
 -0.437629
 -0.309593
 -0.449475
 -0.905657
 -0.0951069
 0.104386
 -0.0387584
 1.04318
 0.922967
 1.24405
 1.27027
 1.05808
 1.40706
 1.22487
 1.64787
 0.381047
 -1.5153
 -1.24309
 -0.663805
 -0.356413
 -0.608716
 0.295127
 1.27012
 0.131071
 0.289259
 1.16263
 -0.536746
 -0.805887
 -0.910865
 -0.470283
 0.925218
 -2.41591
 -1.64947
 -2.50325
 -0.891994
 -1.22386
 -1.41465
 -0.307352
 -0.610387
 0.227373
 -0.494638
 -1.12476
 0.12508
 1.04591
 1.14982
 0.306987
 1.16328
 2.24191
 1.54764
 1.6407
 0.620962
 1.65406
 -0.51505
 2.44232
 1.65415
 0.443287
 0.591367
 2.0455
 0.0970996
 1.32551
 0.641201
 -2.34872
 -0.527308
 -0.358521
 2.18036
 0.569195
 1.70127
 0.793603
 1.70979
 1.08037
 -0.224684
 0.683175
 0.414013
 0.0151569
 -0.197271
 0.794978
 -0.760656
 -1.08415
 1.33137
 0.436192
 0.818748
 0.106839
 0.43235
 0.297588
 -0.154888
 1.15692
 -1.41754
 -0.681362
 -0.708789
 -0.451354
 -1.87987
 -0.0652791
 0.505378
 0.754882
 0.230753
 -1.35846
 0.940384
 -0.468508
 0.766665
 0.919461
 0.762141
 1.60511
 -1.35021
 0.652635
 0.171142
 0.549524
 -0.809769
 -0.186729
 -0.41338
 -0.149755
 -1.57157
 0.388446
 -1.16807
 -0.649508
 -1.46834
 -0.84936
 -1.77903
 -2.19093
 -1.66228
 -2.40739
 -1.54946
 -2.92712
 -1.16699
 -1.15001
 1.40364
 -0.117879
 0.277959
 -2.26849
 -1.48562
 -2.72715
 -0.27216
 -1.98682
 0.66525
 -0.335844
 -0.570181
 -1.83977
 -1.90641
 -0.612501
 -0.182448
 -1.15555
 0.432788
 -2.43839
 -0.411382
 -0.228195
 -0.359401
 0.834657
 0.650345
 -1.03367
 -0.973479
 -0.31314
 0.574808
 -0.634868
 0.103292
 -0.074111
 0.649816
 -0.225422
 -0.0261597
 -1.99205
 0.302404
 -0.0988507
 0.999514
 0.227137
 0.360205
 0.36397
 -0.275354
 -0.929768
 -2.63327
 -1.06088
 -0.62603
 -0.60756
 -0.439295
 1.98794
 0.0100385
 1.42491
 -1.36394
 0.851514
 0.0843142
 0.865065
 0.365862
 2.35985
 1.17153
 1.45069
 -0.62406
 1.11613
 0.288877
 0.740638
 -0.629228
 1.05192
 0.208298
 0.819158
 1.04681
 0.877775
 0.437296
 1.5104
 -0.0428232
 -0.323525
 0.610009
 0.416533
 -0.0812372
 0.104835
 0.715507
 0.172422
 -0.322821
 0.55996
 2.30225
 1.87652
 1.00028
 -0.213053
 -2.46244
 0.125923
 -1.7379
 0.22662
 -1.63194
 -0.791124
 -1.70118
 -0.415272
 0.261447
 0.321692
 1.13025
 1.08015
 1.22123
 1.00714
 -0.0658011
 -0.0938344
 0.533311
 -1.93809
 -0.980021
 -0.301105
 -1.25017
 -0.568031
 0.771697
 -1.03259
 0.852002
 1.5275
 1.55004
 2.015
 0.482233
 0.335107
 -0.638733
 -1.16717
 -2.18628
 -2.02902
 -0.961505
 -1.25552
 -1.50221
 -0.583313
 -0.0537914
 0.882384
 0.736015
 0.612087
 0.84693
 -1.49205
 0.114528
 -1.7759
 -0.0505971
 0.203107
 -0.184441
 -0.506897
 0.0598443
 1.96813
 0.954022
 1.53294
 2.00643
 2.2849
 1.43645
 2.36527
 1.79461
 1.59787
 1.4485
 1.97091
 1.65019
 0.700168
 -0.347957
 0.881813
 1.17781
 1.30814
 1.02377
 2.13757
 0.248953
 0.877619
 -2.38054
 -0.740041
 -1.27659
 -1.31519
 -0.467563
 0.135388
 -0.561157
 -0.815031
 -1.58069
 -2.02993
 -1.34258
 -2.08572
 -2.08455
 -0.646398
 -1.36587
 -0.573443
 -0.24548
 -0.00473176
 0.776097
 0.0687295
 -0.280862
 -0.904147
 -0.0337347
 -1.85948
 0.897774
 -0.896638
 0.803217
 -0.181134
 2.21586
 0.586565
 0.74507
 0.165083
 1.22491
 0.0049356
 0.622724
 0.789703
 2.26893
 0.596249
 1.01898
 -0.277288
 1.5785
 0.353472
 -0.559745
 -0.0744001
 -0.200736
 -0.348396
 0.177142
 1.11086
 0.81504
 0.325323
 0.0977093
 -0.810477
 -0.552445
 -0.556562
 0.489211
 2.21184
 1.16346
 1.92127
 2.77812
 1.50064
 1.8691
 1.5297
 2.06905
 -0.900182
 -0.260516
 0.868517
 -0.716351
 -0.137546
 -1.01619
 0.473378
 0.744164
 -0.687747
 0.553161
 0.547604
 -1.52696
 0.76199
 -0.40462
 -0.600735
 0.647208
 -0.0773243
 0.424877
 -0.757257
 -0.122529
 -1.68363
 -1.21284
 -0.496126
 -0.992684
 -0.238598
 0.494404
 0.515198
 0.787804
 0.854654
 0.909144
 1.96054
 0.962582
 0.835621
 0.856435
 -1.18112
 -0.819489
 0.797232
 0.843245
 1.34443
 1.86731
 0.257892
 0.146407
 -0.0716626
 0.256414
 0.758908
 0.0241653
 -0.205479
 -0.686646
 -0.25061
 0.0671615
 -0.431282
 0.342168
 -1.06177
 0.979067
 0.020699
 -1.01889
 -0.406366
 -1.04964
 -0.783108
 -0.316337
 -1.38267
 -0.866088
 -2.44112
 -1.761
 -3.21828
 -2.21925
 -1.67608
 -0.538297
 0.717761
 -0.968247
 -0.581695
 -0.290466
 -0.0801883
 0.0505805
 -0.33729
 1.87992
 3.19763
 2.24116
 1.79314
 0.802357
 -0.800758
 0.300645
 1.76794
 0.439786
 0.157616
 -0.637781
 0.52502
 -0.695027
 0.213618
 -0.297672
 -0.266846
 0.0282664
 -0.752979
 0.87684
 -0.263633
 -0.379153
 -0.803473
 -1.60228
 -1.66799
 -0.744189
 -0.858115
 -1.52877
 -1.18251
 -0.691438
 1.19305
 1.25904
 2.63395
 1.7431
 3.31541
 2.71006
 1.04368
 1.56507
 0.053363
 2.02844
 2.16262
 2.4787
 2.52657
 1.63339
 2.3797
 1.08376
 2.88743
 1.20044
 1.10854
 0.93149
 1.35847
 0.834778
 1.33939
 -0.815691
 -0.333615
 0.864785
 -1.03683
 0.936436
 0.273195
 1.20384
 0.786389
 1.33322
 1.68636
 3.11552
 0.788181
 2.80575
 0.651524
 0.842858
 0.812449
 0.674557
 0.568378
 1.37315
 1.04753
 0.349185
 -0.971501
 -0.132464
 -0.478293
 -0.0252433
 0.75467
 0.382037
 1.99246
 1.43657
 1.26723
 0.750135
 -0.960499
 -0.151816
 0.302125
 -0.309519
 -0.52863
 0.616327
 -0.494254
 0.0831095
 0.416307
 -0.178652
 0.366706
 0.171879
 -0.291392
 0.689611
 -0.127138
 -0.0417179
 -0.0177094
 -0.856624
 -0.283737
 -1.35833
 -0.579105
 -0.676956
 -0.913948
 -0.412418
 -0.264525
 -1.36694
 -0.0152295
 -1.73983
 -0.473724
 -0.496981
 1.62996
 0.42478
 2.09609
 0.886763
 0.0754801
 -0.782689
 -1.51464
 -0.468861
 0.655785
 -0.231847
 -1.02551
 -1.34394
 -1.88122
 -0.159984
 -0.440469
 0.431325
 -0.238263
 -0.145987
 -0.251208
 -0.230591
 -0.762655
 -0.155694
 0.119243
 0.266122
 0.46704
 1.56839
 1.61464
 0.412174
 0.0236299
 0.399762
 1.63025
 1.30354
 0.91129
 0.597592
 0.993514
 -0.22365
 -0.307544
 0.825629
 0.747191
 0.313009
 -1.11552
 -1.30854
 -1.14483
 -0.0689832
 -0.306995
 0.148388
 -1.28668
 -0.223693
 -1.237
 -0.075952
 -1.3989
 0.813096
 0.129816
 1.85952
 -0.565765
 0.872929
 0.793049
 0.0950213
 -0.449943
 -1.43735
 -1.39007
 0.253951
 1.3017
 0.442713
 -0.692517
 1.18532
 -0.815307
 1.12729
 -0.299548
 -0.347471
 -1.20695
 0.903253
 -0.740294
 0.45453
 -2.03269
 -1.31565
 -0.324646
 -1.32869
 -0.652622
 -0.901453
 0.199605
 -0.756289
 0.0588623
 -0.934499
 -1.4088
 0.361591
 -0.256384
 -0.751018
 -0.434219
 0.164731
 -0.559997
 -0.035473
 0.621184
 0.645808
 0.963906
 -0.539426
 0.450345
 -1.68219
 -0.109777
 -1.17304
 -0.881168
 -1.38384
 -0.804871
 -0.493083
 -1.32362
 -0.619373
 -0.293495
 -0.179851
 -0.952735
 -1.04096
 -0.260684
 -0.0890739
 -0.164033
 -1.44433
 -1.06053
 0.701579
 -1.07999
 -0.586557
 0.109602
 0.655844
 0.299465
 -1.22012
 -0.679763
 -0.330163
 -0.394172
 0.915367
 -0.107507
 -0.921041
 0.406163
 0.258344
 0.851622
 0.653054
 -0.474037
 0.20256
 -0.927094
 0.0477459
 -1.74685
 0.104855
 -1.89358
 -0.0857233
 -0.778528
 -1.47628
 -0.954942
 -2.82056
 -2.08861
 -2.58013
 -1.92902
 -0.774183
 -2.77715
 -1.05088
 -1.87587
 -1.87131
 -2.54532
 -2.95162
 -0.908417
 -0.0624011
 -0.114009
 -1.56602
 -1.04397
 -0.409751
 -1.01097
 -0.487635
 -2.03141
 -1.03284
 -2.64241
 -0.00740056
 -1.65241
 -0.158017
 -0.692855
 -0.864699
 0.148778
 -1.06385
 -0.307827
 -1.83085
 1.54069
 1.24395
 2.36646
 1.30408
 0.918081
 1.16361
 1.10738
 1.05525
 -0.0229922
 -0.905737
 -0.454482
 -0.239033
 -0.0408586
 1.16185
 -0.560551
 0.979758
 -0.303249
 -0.50323
 0.144371
 0.327625
 0.067792
 0.0884153
 -2.28665
 -0.246859
 -0.971043
 -1.49644
 -0.165419
 -1.66773
 -0.0188499
 0.232125
 2.25843
 1.81935
 0.420778
 2.2301
 -0.597231
 1.23445
 1.36028
 -0.372991
 -0.0438578
 -0.428168
 1.24436
 -0.682461
 0.725387
 -1.72888
 -0.624892
 0.436397
 -0.637382
 -1.79385
 -1.73826
 -1.53458
 -1.52773
 -1.07166
 -1.66205
 0.534697
 -0.917874
 1.29243
 -1.02907
 0.200661
 1.0015
 1.6402
 1.29162
 1.30021
 -2.05898
 0.316083
 1.19895
 -0.207604
 -0.0615605
 -0.17458
 -0.132718
 -0.527724
 0.839057
 0.858239
 1.48814
 1.65048
 2.12077
 3.34896
 3.19163
 2.72162
 3.26793
 2.01603
 2.12629
 0.94901
 2.11222
 0.113435
 0.580679
 -1.65591
 -1.43223
 -2.15225
 -0.691759
 -0.214114
 0.133055
 0.162421
 -0.0413023
 0.939549
 1.68696
 1.72863
 2.26442
 1.42246
 0.170525
 0.71666
 0.438963
 -0.0921429
 0.590739
 -0.6931
 1.33319
 -0.31703
 -0.156876
 -0.0408755
 -0.477562
 0.423188
 -1.55503
 -0.290041
 0.00298956
 2.25165
 1.82512
 1.33555
 1.13359
 1.30054
 -0.53298
 -0.0195708
 0.0826643
 0.705908
 -0.124227
 -1.05299
 -0.238887
 -0.793565
 0.193775
 0.142913
 -0.759272
 -0.369379
 -0.809562
 -0.582299
 -2.31137
 -0.565137
 -1.95474
 0.21366
 0.132271
 1.19959
 0.49771
 1.80715
 1.01643
 1.42366
 -1.30164
 -1.90426
 -1.41806
 -0.882593
 -0.815981
 0.600878
 -1.18635
 -0.856748
 -0.331077
 0.0258152
 -1.54069
 0.579719
 -1.00507
 0.753168
 -0.992486
 0.077555
 0.645048
 0.734419
 0.957785
 0.126657
 -0.482343
 -0.742015
 -1.9023
 -2.157
 -2.39163
 -1.67052
 -2.36898
 -1.38339
 -1.6014
 0.138545
 -2.23958
 -0.871153
 -2.55666
 -1.19275
 -1.39527
 -0.0514678
 -0.998734
 -0.383231
 -0.612157
 -1.57352
 -0.244374
 -0.94612
 -0.263589
 -0.524191
 -0.970027
 -2.49793
 -0.493614
 -1.09151
 -0.276386
 -0.397668
 0.174308
 0.622435
 0.32613
 -0.288398
 -1.57925
 -0.471067
 -0.763906
 0.465717
 0.716017
 -1.40275
 -0.509545
 0.254505
 0.141908
 -0.856857
 1.5401
 0.121457
 0.0308729
 -0.33427
 0.86932
 2.06598
 2.39414
 2.15615
 2.19233
 1.29491
 -0.140231
 1.45136
 2.05719
 0.489169
 1.42681
 0.837383
 2.4614
 2.19245
 0.825714
 1.35066
 1.19261
 2.26556
 2.02252
 2.73754
 2.79645
 2.20537
 2.59465
 1.48547
 0.191144
 0.976079
 0.402699
 -0.222046
 0.821554
 0.19446
 0.941336
 1.67566
 0.8201
 1.37801
 1.45383
 -0.0132191
 -0.593409
 -0.800535
 -1.48153
 1.19117
 1.42189
 1.14528
 0.513716
 1.44123
 1.64898
 0.412568
 0.114112
 0.564419
 1.02572
 1.7119
 1.92019
 2.11182
 1.1614
 0.852183
 0.890708
 3.56294
 2.74574
 1.97582
 0.335589
 0.422342
 1.10907
 1.54824
 -0.417857
 1.21833
 0.245241
 0.457226
 1.1342
 1.12701
 1.12248
 0.148512
 0.285806
 -0.168841
 0.876506
 -1.88798
 0.377309
 0.1822
 1.4396
 0.549256
 1.97616
 -0.156792
 0.775849
 0.064341
 1.68087
 0.932259
 -0.235432
 0.0272399
 0.903141
 -0.574409
 -0.892483
 -0.170409
 0.650773
 1.26315
 0.795559
 0.759174
 0.903466
 2.35337
 1.32143
 0.440271
 -0.998759
 -1.03387
 -1.13245
 -1.25142
 -2.05794
 -1.84835
 0.332051
 -0.129872
 1.38355
 1.44771
 2.39732
 1.01562
 0.821507
 -0.687675
 0.0258547
 -1.87461
 -0.198073
 -0.143718
 -1.5779
 0.923948
 0.260764
 -0.128102
 -0.570594
 0.846643
 0.256442
 1.72644
 -0.72249
 -0.0478461
 -0.65799
 -2.30319
 -0.225088
 -0.556969
 -0.459259
 0.38817
 0.443739
 1.98131
 1.81699
 2.63265
 2.26383
 1.62506
 0.51772
 1.98209
 0.834145
 1.41382
 -0.570551
 0.448658
 -0.701225
 -0.966673
 0.0863698
 1.80984
 0.497788
 1.87647
 -0.312095
 1.01172
 0.2948
 -0.782404
 -0.805503
 -2.76232
 -1.83955
 -1.09391
 0.362075
 0.219316
 0.255047
 1.25959
 1.28117
 1.64777
 0.128723
 0.258183
 0.816377
 1.06475
 1.25013
 1.20819
 -0.251896
 -0.0292228
 -0.692631
 -0.742952
 0.00970192
 0.661542
 -0.391429
 -1.18504
 -0.17209
 -0.130611
 -1.44386
 -1.4277
 -0.0983757
 -1.95773
 -0.683339
 -1.52701
 -0.328376
 -0.030392
 0.256411
 -0.197774
 1.99603
 -0.266142
 -0.737499
 -1.48547
 -1.3716
 -0.796871
 -0.833121
 -0.176667
 0.438769
 -1.15901
 1.72556
 0.599161
 1.45975
 1.70222
 0.632436
 -0.367881
 -0.00776128
 -0.501442
 0.697138
 -0.111321
 1.64628
 0.690708
 1.84516
 -1.05193
 0.288908
 -0.840307
 -0.37358
 -1.73252
 -0.893461
 -1.98061
 -0.178552
 -1.32116
 -0.398917
 -1.96756
 -0.453809
 -0.135878
 -1.1343
 -1.59548
 0.355505
 -0.877413
 0.255388
 -0.325437
 0.136662
 -0.259927
 1.58338
 0.481422
 1.10394
 0.338221
 2.57211
 0.609346
 2.51139
 0.707712
 1.71317
 1.5326
 1.49444
 0.3722
 -1.1725
 1.75436
 1.23493
 1.38762
 -0.634685
 0.674068
 0.29191
 0.887589
 1.18098
 1.10448
 -0.343812
 1.04276
 -0.770179
 0.165176
 -0.554013
 -0.749193
 -1.11671
 1.68611
 -2.32268
 -0.251937
 -2.68304
 -1.25128
 -3.65304
 -1.90443
 -1.89307
 0.207864
 -1.01592
 -0.0231303
 0.28498
 -0.385412
 1.00408
 0.507679
 0.167085
 0.114499
 0.401234
 2.57653
 1.6154
 1.38358
 0.958816
 0.503296
 0.689425
 -1.55045
 -0.72848
 -2.07653
 -1.67239
 -3.28474
 -2.12996
 -2.16783
 -1.39827
 -0.968817
 -1.26397
 -0.197827
 -0.176598
 -0.937906
 -1.41374
 0.494834
 -0.854911
 1.10878
 -0.104591
 0.3425
 0.902634
 -0.03206
 -0.815549
 0.358984
 0.78975
 0.381992
 0.112349
 -0.250043
 1.02081
 -1.61105
 0.473929
 0.0899243
 1.18482
 -1.41432
 -2.14761
 -2.49731
 -1.23302
 -2.0466
 -1.63819
 -2.57922
 -1.25792
 -1.72339
 -1.35828
 -0.245844
 -1.38861
 0.517776
 -0.946674
 0.320081
 0.0598365
 1.0501
 1.055
 0.0720168
 -0.30749
 -0.222059
 0.14837
 0.241941
 -1.06024
 1.07944
 0.640959
 1.72698
 1.17119
 1.02066
 0.354627
 -0.375813
 0.690342
 0.279631
 -0.956238
 0.287998
 0.444881
 -0.485352
 0.233658
 0.069787
 -0.813274
 -0.295323
 -1.63007
 0.000681142
 -0.46534
 0.61109
 0.09762
 1.91452
 -0.943846
 -0.28916
 0.00726841
 -2.24699
 -0.978803
 -2.27795
 0.452134
 1.28133
 0.253609
 0.291769
 -0.420337
 0.869622
 -0.954429
 1.73048
 0.902324
 1.31365
 -0.920889
 1.38121
 -0.32682
 0.929713
 -0.421079
 2.14281
 -0.0709235
 0.855617
 0.485907
 0.10913
 0.964115
 1.02132
 -0.243519
 0.0515281
 0.0435829
 -0.903745
 -1.06249
 0.807528
 -1.26843
 -0.603034
 -1.76373
 -1.54401
 -1.60918
 -2.23698
 0.0925048
 0.12195
 1.46207
 2.85189
 1.8575
 1.69133
 2.00387
 1.61087
 1.0594
 1.59599
 1.08526
 1.98147
 0.693629
 2.18498
 1.15033
 2.17051
 1.74424
 1.80405
 0.330612
 1.95309
 -0.360171
 0.319522
 -0.636581
 0.428964
 1.17669
 0.203595
 -0.0234055
 0.0384752
 -2.07965
 -1.65177
 -2.47442
 -2.04567
 -1.69213
 -1.65233
 -1.82947
 -2.36267
 -1.06057
 -1.60079
 -0.250105
 -1.20967
 -0.591591
 -0.43658
 -1.57092
 -0.805166
 -2.44871
 -0.181622
 -1.0552
 -0.398525
 0.0113264
 0.351699
 0.194151
 0.588077
 0.431809
 0.662354
 0.649528
 -1.06278
 -0.421966
 -0.0731661
 0.978929
 0.153491
 0.434468
 -0.57169
 -0.25812
 0.195728
 0.654742
 0.44299
 -0.275425
 0.0744589
 1.89142
 1.34685
 0.905556
 0.784496
 1.71492
 1.05386
 2.91023
 0.66815
 0.245233
 -0.0316179
 0.806121
 0.787337
 -0.454659
 -0.63529
 -0.845851
 -1.35758
 -2.48074
 -1.47609
 -1.44553
 -0.490794
 -0.279101
 0.136626
 -0.926867
 -0.753304
 -0.928424
 -1.96756
 -1.81676
 -0.445613
 0.193426
 1.10197
 -0.394928
 -0.113326
 0.206907
 0.519049
 0.978778
 0.533639
 0.710143
 -0.54374
 0.180924
 -1.01985
 -0.0372049
 -0.783572
 -0.0582267
 -1.55938
 -1.2918
 -1.15205
 -0.803994
 -2.12521
 -1.74428
 -2.20831
 -1.719
 -1.85871
 -0.59131
 -1.198
 -0.36753
 -1.47804
 0.159688
 -1.18635
 -0.868313
 -1.71982
 -0.790282
 -0.166368
 -1.45843
 -1.05934
 -0.547485
 0.612863
 1.67354
 0.830254
 1.08477
 0.577547
 0.67774
 -0.377674
 -0.748268
 -1.59856
 -0.484206
 0.457873
 1.03717
 -0.230656
 -0.594025
 -0.967247
 0.286907
 -0.200023
 -0.69375
 -1.24323
 -0.414357
 1.10512
 0.0807157
 3.12034
 0.337685
 0.92628
 0.197495
 0.405885
 1.30693
 -0.0531955
 -0.50408
 0.494858
 0.714123
 -0.473738
 -0.152178
 -0.278421
 -1.999
 -1.98274
 -0.444743
 -1.40966
 -0.926736
 -0.552961
 -1.6236
 0.472348
 -1.22867
 -0.977019
 -1.70791
 -2.35047
 -1.17632
 -0.696655
 -0.974094
 -0.0829269
 -0.513122
 -1.66317
 -1.03545
 -1.16588
 -0.731928
 -1.11662
 -1.83938
 -0.979591
 -0.9189
 -1.04653
 -2.26581
 -2.90947
 -0.670355
 -2.8759
 -0.45271
 -0.577766
 -0.24501
 0.570044
 -0.115372
 -1.34624
 -2.67138
 -0.69504
 -1.20528
 0.222715
 0.738394
 -0.16779
 -0.858384
 -0.395954
 0.0262869
 -1.41555
 -0.789601
 -2.76594
 -1.30803
 -1.09456
 0.701571
 -0.169667
 0.992014
 -0.104232
 0.59952
 0.715863
 -0.404489
 -1.38971
 -0.427706
 -0.692212
 -0.51657
 -0.0505662
 0.296591
 -0.385953
 -0.0907707
 -0.0833848
 1.45308
 -0.395181
 -0.0971827
 -0.0744866
 0.607794
 -0.612904
 -1.1003
 -1.3732
 -1.64943
 -0.759938
 -0.910512
 0.553039
 0.276729
 -0.77506
 -0.878498
 -0.405383
 -0.153074
 0.410221
 -1.01568
 0.45595
 -0.164741
 0.713631
 1.50983
 -0.738319
 0.788077
 0.326951
 0.211373
 0.85432
 2.61097
 2.1084
 2.12485
 0.86825
 1.45
 1.7142
 0.306925
 1.03258
 0.555916
 0.499517
 0.272512
 1.57684
 1.28699
 1.53951
 0.315571
 0.840974
 -0.656
 0.796805
 -1.0212
 -0.322646
 1.26127
 1.13016
 0.18416
 1.2933
 1.28466
 2.40129
 1.80942
 2.0466
 2.76228
 3.16191
 -0.658331
 2.72332
 0.367077
 -0.292516
 1.94667
 0.807056
 -0.394279
 0.899354
 -0.470074
 -0.0538638
 -2.76755
 -1.67973
 -1.44921
 -0.688035
 -0.647131
 0.97717
 0.746079
 0.695434
 1.88101
 1.35386
 0.825308
 -0.752348
 0.162425
 -0.0503403
 1.14708
 0.154199
 1.81655
 1.1817
 1.85464
 0.72462
 0.821179
 0.987399
 0.0138138
 -0.0452092
 0.425997
 0.317401
 0.91439
 0.600213
 0.0687041
 1.6497
 0.436503
 0.501975
 0.125345
 0.888618
 -2.32115
 -0.638401
 -2.10231
 -0.892583
 -0.584686
 -1.83142
 -0.898188
 -1.53779
 -1.58113
 1.07045
 0.699701
 0.212272
 -0.798993
 -0.120216
 -0.742567
 0.147694
 0.590014
 -0.257247
 -0.245294
 -0.189616
 0.0723375
 -0.505546
 1.41191
 0.358437
 -0.498724
 -0.624936
 0.0678528
 -0.427273
 -0.43669
 -0.30867
 -0.847033
 -0.189328
 -0.52716
 0.668204
 -0.543393
 0.0540553
 -0.605784
 -1.54877
 1.26616
 -0.455709
 -0.522019
 0.180336
 -1.01185
 -1.45782
 1.03434
 -1.17879
 0.174083
 1.0291
 -0.0521587
 1.60291
 0.738673
 -0.504428
 0.88884
 1.12423
 1.77871
 0.296328
 0.608357
 0.365014
 1.69075
 1.5773
 0.934866
 1.82134
 2.51486
 0.74814
 -0.614491
 -1.37668
 -0.475486
 -3.05932
 -2.00362
 -1.29227
 -0.884172
 -0.669252
 -1.60728
 -3.5392
 -3.05199
 -3.04937
 -2.99423
 -3.56465
 -2.80908
 -4.61087
 -4.36873
 -3.04898
 -1.3548
 -0.763902
 1.11566
 -0.832249
 -1.1862
 -1.9322
 0.133687
 -0.815185
 0.680738
 0.256303
 1.39526
 -0.473557
 -0.465398
 -0.335504
 -0.449848
 -0.276916
 0.00669582
 -0.206925
 -0.810695
 -1.35812
 -0.403484
 -0.91603
 -0.615006
 0.245887
 1.04051
 -0.353235
 1.36565
 0.741984
 1.06054
 0.454615
 0.537065
 -0.57133
 1.32192
 2.16749
 1.08355
 0.735872
 2.19024
 2.52571
 0.217629
 1.3402
 -0.921432
 -0.328103
 -1.68376
 -1.04556
 -0.581148
 0.0921998
 -0.282093
 0.0447382
 -1.56937
 -0.352804
 -0.383836
 -0.580086
 0.126511
 1.14352
 0.0605569
 -0.727706
 1.00196
 0.453273
 0.116237
 -0.0698388
 0.126484
 -1.00178
 -1.46163
 -2.10308
 -1.48068
 -1.48442
 -0.905689
 -1.72361
 -1.87507
 -1.25057
 -0.312885
 -0.8571
 -0.774741
 1.27566
 0.179559
 -0.31879
 2.03056
 1.51321
 1.98825
 1.94207
 2.01517
 1.43866
 1.19302
 0.212667
 1.28502
 -1.27188
 0.836025
 0.0325974
 0.538377
 0.909263
 -0.736634
 1.56776
 0.172683
 -0.020571
 -1.02485
 1.31403
 -1.40288
 1.78278
 0.466716
 0.6452
 -0.863006
 0.980384
 0.1976
 0.235688
 -1.16456
 -0.890125
 -0.915034
 0.428402
 -0.48022
 0.87322
 0.180283
 -0.573438
 -0.428732
 -0.320331
 0.303779
 -1.56355
 -0.785808
 -0.96311
 -0.344645
 0.746552
 -0.310799
 0.534198
 -0.0572247
 0.944431
 -0.269332
 0.931137
 -0.316925
 2.381
 -0.399035
 0.273398
 -0.0700599
 0.136171
 -1.08658
 -0.172515
 0.89039
 0.043704
 0.74216
 0.0354263
 1.41293
 0.440427
 1.69653
 0.862859
 1.956
 1.95494
 1.14823
 0.413719
 0.173205
 -0.928688
 -0.922095
 0.695419
 -0.23689
 -0.418758
 -1.39418
 -0.488277
 -0.517927
 -0.785193
 0.393405
 -1.93183
 -0.503277
 -1.83039
 -2.42807
 -2.31619
 -0.646123
 -0.543427
 0.807452
 -0.789657
 0.994204
 0.00658238
 0.510382
 -0.760923
 -1.36002
 -0.00516281
 -0.516737
 -0.600637
 0.544286
 0.88607
 0.140349
 -1.17329
 -0.967009
 -1.67103
 -0.694258
 -1.47706
 -0.269373
 -2.39165
 1.53241
 0.164123
 0.833244
 -0.487377
 -0.479847
 0.370079
 0.146237
 1.259
 -1.09109
 -1.54223
 -2.07107
 -2.01904
 -0.506095
 0.0676221
 -0.117707
 0.170662
 0.0194
 0.704963
 -1.04843
 -1.14211
 -2.33726
 -1.74691
 -1.598
 -0.933283
 0.845158
 0.648269
 1.31133
 1.80874
 -0.385519
 1.13949
 0.0567268
 0.252198
 -1.16642
 0.535434
 -0.246628
 0.748751
 0.224299
 1.452
 0.526478
 1.1107
 -0.0740539
 -0.634722
 -0.271285
 -0.989816
 0.664773
 -0.131276
 0.0593588
 -0.0344342
 0.769835
 -1.11328
 0.748333
 0.506852
 -0.348524
 0.193241
 1.31235
 -0.201561
 0.311961
 -2.54306
 0.0772725
 -0.766066
 0.836605
 0.677549
 0.345604
 0.667235
 0.335254
 -0.549703
 0.257645
 -0.451741
 0.0607924
 0.588746
 0.619919
 -0.701686
 2.01033
 0.4553
 0.943227
 2.07575
 0.561181
 1.94714
 1.48951
 0.0481345
 0.388241
 -0.0558442
 1.42178
 -0.167377
 0.656483
 -0.0173124
 1.40725
 0.631628
 2.11247
 1.06029
 1.1886
 1.61623
 0.382742
 0.448624
 0.299236
 0.0092639
 -0.761063
 -0.348971
 -0.112448
 0.965693
 1.26931
 -0.513713
 -0.89576
 -0.566526
 0.514549
 0.0820228
 0.486579
 -0.821204
 -0.374651
 -1.12361
 -0.750147
 0.365899
 0.303424
 -0.639406
 0.222978
 0.553079
 2.84532
 2.13754
 0.664974
 -0.328658
 -0.561941
 -0.180461
 -0.250546
 0.667993
 0.705136
 0.281084
 0.396315
 1.36311
 0.406117
 -0.54529
 0.62648
 0.00992811
 1.15419
 0.88883
 1.05239
 0.0943539
 0.46287
 1.55741
 3.18358
 1.50786
 -0.0568717
 1.11075
 -0.734473
 0.44258
 -0.454657
 1.28328
 0.429253
 0.710439
 -1.0793
 -0.624501
 -1.55497
 -0.947334
 -0.750003
 -1.34435
 -1.41917
 -2.08564
 -1.50447
 -2.93138
 -2.15849
 -2.98963
 -1.14376
 -0.413578
 -0.417633
 0.609404
 0.810884
 0.741281
 0.110606
 -0.188972
 1.66749
 1.25194
 0.887342
 0.798918
 1.87415
 2.95437
 2.1415
 0.684143
 -0.665367
 0.211155
 0.00805951
 -0.50855
 1.47677
 0.171118
 -0.424461
 -0.0352636
 1.57095
 -1.5597
 2.39021
 -0.416642
 1.8679
 0.733689
 0.242818
 -0.33989
 -0.905343
 -0.103463
 -0.61844
 0.73917
 0.503684
 2.22028
 1.87518
 1.22408
 1.75961
 -0.244439
 0.216613
 -0.336237
 0.809352
 1.51303
 -0.0804555
 0.785641
 -1.24435
 -0.733609
 -1.59739
 0.37022
 -1.41894
 2.02233
 -0.854458
 -0.747587
 -1.87802
 -1.52082
 -1.29879
 -1.02007
 -0.481973
 -0.350729
 0.805223
 1.33706
 0.547458
 0.552686
 0.12973
 -0.569543
 1.11646
 1.33112
 0.909894
 2.0958
 2.2113
 1.92572
 1.43692
 1.40916
 0.357596
 1.68039
 0.643867
 1.05271
 1.74543
 0.392684
 2.16037
 2.48712
 0.973017
 1.2818
 1.47287
 0.00822678
 -0.778499
 -0.228182
 -0.669537
 0.794372
 0.538763
 0.39634
 0.53647
 -0.200849
 -0.414667
 0.958343
 0.444747
 -0.52159
 -1.03834
 -1.42378
 -1.34549
 -1.94691
 -1.58416
 -0.43031
 -3.068
 -1.2108
 -1.1079
 0.972563
 1.36103
 0.939901
 1.05997
 -0.252089
 -0.0349366
 -1.07615
 -0.467337
 -2.34119
 -0.100513
 -3.19816
 -1.22107
 -1.83228
 -2.54936
 -0.23947
 -0.618073
 -0.916845
 -1.17362
 0.145399
 -1.08667
 0.526412
 -0.118193
 0.502358
 -0.732169
 0.0978303
 -1.65296
 -0.391543
 -0.191326
 -0.281788
 0.43078
 2.81678
 1.78577
 -0.626917
 0.399179
 -1.44921
 1.08001
 -0.482508
 1.40822
 0.356756
 1.09804
 1.05686
 1.46762
 1.17019
 1.81691
 1.06152
 0.721194
 0.419747
 -0.0601566
 0.13838
 -0.194352
 0.243667
 -0.105907
 0.790108
 -0.309499
 -0.301374
 0.855816
 1.52075
 -0.0515298
 1.03202
 -0.50729
 0.529642
 -0.617957
 -0.0889028
 -0.944401
 -0.346101
 -1.10178
 -0.515693
 -1.14586
 -1.13557
 -1.8717
 -0.948107
 -1.0264
 0.14807
 -0.182505
 0.319533
 0.369818
 0.834486
 0.108227
 -0.559721
 -2.03535
 -0.298574
 -1.27744
 -1.83231
 -2.43615
 -1.77612
 -1.51773
 -3.21457
 -2.9808
 -2.52616
 -3.18336
 -2.4002
 -1.01698
 -0.709904
 0.782158
 0.609286
 0.796563
 1.96814
 0.719843
 1.09438
 1.41055
 2.10937
 0.102646
 0.836048
 0.575259
 0.108028
 0.413375
 1.79707
 1.40539
 0.0707563
 0.355339
 1.11327
 0.747497
 -1.0816
 0.159998
 -2.11643
 0.406974
 -2.05855
 0.416971
 -1.17091
 -0.857049
 -0.525521
 -0.101906
 0.231569
 1.30512
 -0.15661
 0.242922
 1.53845
 1.20225
 0.774205
 0.428067
 0.458825
 0.206348
 1.16963
 -0.694535
 -0.295769
 -1.64426
 -0.409944
 0.078453
 -0.737112
 0.66687
 -0.266624
 1.52867
 -0.799889
 1.42145
 1.57016
 2.40157
 1.36565
 0.35898
 -0.515862
 -0.576449
 -0.506121
 0.918533
 0.275002
 0.625593
 1.52575
 -0.0868764
 -1.19763
 -1.43644
 -0.161439
 -0.0436871
 0.00619089
 -1.41629
 1.19155
 -0.0775521
 -1.36895
 1.17683
 -0.27165
 0.0156386
 -1.14976
 -0.109164
 -1.00025
 0.688809
 -0.499533
 1.47175
 0.00819954
 0.816957
 -0.33112
 0.30642
 0.0232891
 1.05603
 1.33972
 2.3397
 2.202
 2.57384
 3.24622
 2.19334
 1.25034
 -0.799664
 1.83808
 -0.911162
 -1.19875
 -0.291566
 -0.543174
 -0.592892
 -2.07061
 -1.24054
 -0.642036
 -0.465273
 -0.742571
 -0.775953
 -1.09429
 -0.907992
 -0.390368
 -0.277913
 -2.18584
 -1.29977
 -1.47104
 -1.24689
 0.153078
 0.227567
 1.57628
 0.505777
 0.537752
 0.741722
 0.958183
 -0.642452
 1.10205
 -0.383546
 -0.244989
 -1.22103
 -1.63475
 -0.713725
 -1.32981
 -1.75281
 0.67686
 0.350595
 0.663908
 -1.46155
 0.418595
 -1.55659
 0.774653
 -1.07602
 -0.460119
 -1.14441
 -1.47091
 -1.56024
 -1.67905
 -1.57118
 -1.60568
 -0.8741
 -0.391087
 -0.45463
 0.676984
 -0.82658
 1.63096
 1.09129
 1.15875
 0.942647
 -0.668559
 0.388766
 -1.48471
 -1.40853
 0.937847
 -0.644602
 -0.526253
 -2.76535
 -0.108023
 -2.49244
 -0.892708
 -2.80395
 -1.44453
 -0.75434
 0.758694
 0.0905857
 0.0133716
 0.899226
 0.504453
 1.85865
 0.274603
 -1.19876
 0.197546
 -0.799173
 0.601428
 2.3184
 1.16816
 0.965995
 -0.680219
 0.381831
 0.138918
 1.39783
 -0.208168
 0.640659
 1.79164
 0.380452
 -0.58008
 0.751873
 -1.11455
 -1.09751
 0.913605
 0.510044
 2.45303
 1.9715
 1.27529
 1.77113
 -0.9417
 0.077395
 0.209854
 -0.1556
 -0.369714
 -0.348416
 0.773173
 1.74776
 0.861379
 1.62986
 0.322174
 0.285876
 -1.25584
 0.552675
 0.112874
 1.29749
 1.66139
 0.00439503
 1.24341
 0.355544
 -0.0843667
 0.206161
 0.0128506
 0.00357693
 1.0044
 0.507542
 1.16467
 0.59967
 -0.177076
 0.234272
 -0.488256
 0.932544
 1.61353
 0.800424
 -0.193466
 -1.79221
 -0.36746
 -0.36944
 0.350159
 0.523042
 -1.02029
 -0.527542
 -0.759652
 0.376787
 0.409275
 1.06425
 0.333408
 -0.438451
 -1.19345
 0.843763
 -1.10844
 -1.2451
 -1.04686
 0.369665
 -0.462766
 -0.436657
 0.613542
 -0.460723
 0.31317
 0.448719
 -0.192976
 0.205164
 1.4257
 1.065
 -0.259041
 0.845513
 -0.35042
 1.04629
 -0.830274
 -0.460814
 -0.534547
 -1.80821
 -0.0966661
 0.985902
 0.769208
 1.82995
 2.19869
 2.38166
 0.987001
 0.870813
 1.02188
 1.27543
 1.92832
 1.62374
 -0.031171
 0.394278
 0.438375
 -0.521405
 -0.110927
 0.780011
 1.29395
 0.470505
 1.25301
 0.830166
 0.223353
 1.29856
 1.95358
 1.82798
 3.19575
 0.999154
 2.24044
 1.41564
 0.883243
 1.67696
 0.940309
 0.311152
 1.57427
 1.26747
 1.21302
 0.152723
 -0.154166
 -0.0932419
 -0.407932
 -0.319452
 -1.07264
 -0.0360081
 0.562183
 -0.987223
 0.364496
 -0.932123
 -0.50073
 -0.968598
 -1.06058
 -0.887481
 1.55462
 0.800609
 2.28839
 1.05014
 0.787504
 0.415397
 0.951216
 1.15177
 0.227125
 -0.831454
 -0.492057
 0.638438
 -0.576081
 -1.07417
 -0.966382
 -0.978696
 -1.98108
 -0.914324
 1.19791
 1.27978
 2.76521
 2.15325
 -0.0405235
 0.784336
 0.642738
 2.1541
 1.23545
 1.39544
 0.230009
 -0.145633
 0.91245
 1.68302
 0.764365
 0.228371
 -0.164484
 -0.505937
 0.634172
 0.179321
 -0.24299
 -0.703224
 -0.916314
 0.265081
 -0.712487
 -0.141645
 -0.810728
 -1.11637
 -2.23295
 -1.32676
 -2.8069
 0.242213
 0.410178
 1.23765
 0.491246
 1.91076
 0.829223
 0.592164
 -0.629916
 0.886838
 0.164578
 0.432014
 0.740337
 -0.869055
 1.05497
 0.487525
 1.5208
 0.83917
 1.64698
 0.426962
 1.69191
 0.146195
 1.64864
 -1.32036
 0.817913
 0.609869
 2.44143
 1.94596
 1.01702
 0.458263
 0.144346
 0.423592
 -0.504611
 1.63206
 0.315182
 0.649379
 2.16451
 1.4293
 2.46851
 -0.321206
 -0.202384
 -2.05778
 0.399373
 -1.34815
 0.556351
 0.35032
 1.83905
 1.07585
 0.553595
 -0.129302
 0.766575
 -0.370025
 0.524513
 0.250971
 -1.37328
 -1.19781
 -2.23054
 -1.16905
 -3.07502
 -2.20354
 -2.18415
 -0.868433
 -1.67302
 -0.395758
 0.311236
 0.520016
 0.995601
 0.108471
 1.63758
 0.120317
 -0.64961
 -0.173777
 -0.315227
 -0.22133
 0.726709
 -1.32758
 0.436163
 -1.89739
 -1.88372
 -0.308228
 -0.560549
 -0.774627
 -1.14787
 -0.290001
 0.480034
 0.164312
 0.0129696
 -0.627474
 -0.627847
 -0.225209
 -0.0393408
 -0.148104
 -1.1596
 -0.595188
 -1.08467
 0.918954
 2.1109
 -0.0131455
 0.978887
 1.79206
 3.3267
 0.534312
 1.03326
 -2.04151
 -1.77747
 -1.51212
 -0.439493
 -0.464917
 0.326023
 -0.321442
 0.0991008
 0.498657
 1.49077
 2.49676
 1.7819
 2.1521
 1.16418
 1.63483
 1.27998
 0.844052
 0.952393
 -0.897231
 0.825682
 -0.129141
 0.383871
 -0.387268
 -0.016015
 0.976281
 0.50833
 0.934542
 0.141862
 0.0550334
 -0.42742
 -0.163875
 -2.13711
 -1.60599
 -2.74339
 -0.638356
 -0.0187642
 0.35086
 -0.785139
 1.31271
 -1.75905
 -0.980389
 -1.93097
 -0.553597
 -1.63332
 -0.347521
 -1.04626
 -0.662832
 -1.5106
 -1.10276
 -0.202031
 0.662369
 0.678065
 -0.446417
 0.577714
 -0.687556
 0.591509
 0.574744
 1.36127
 2.09756
 2.29346
 2.81547
 1.0634
 2.28928
 2.86741
 1.57
 -0.590373
 -0.179016
 0.123645
 0.898958
 -0.303077
 0.824174
 -0.587601
 -0.00585479
 0.776107
 2.33143
 0.256379
 0.600368
 1.66956
 0.861411
 1.86704
 -0.387266
 0.802976
 0.759413
 0.436321
 0.840278
 0.740145
 0.648399
 1.14013
 -1.39482
 1.63393
 -1.91605
 1.31768
 0.209788
 1.24559
 -0.291559
 0.641367
 -0.279314
 -0.597464
 -0.290897
 0.188488
 -1.35331
 -0.207244
 -0.0271285
 -1.23316
 -2.18629
 -0.992766
 -2.25317
 -2.26301
 -2.02581
 -0.861281
 -1.41667
 -1.3558
 -1.86275
 -0.964925
 -0.788459
 -3.28886
 -0.419436
 -1.61487
 -1.06244
 -0.474065
 -1.00262
 -0.42797
 -0.646968
 -0.987315
 0.0509244
 0.128967
 -0.977964
 -0.897226
 -1.29883
 -1.81004
 -1.88379
 -0.653237
 -2.6403
 0.189259
 -0.25441
 0.627756
 1.53707
 0.610004
 0.0878624
 1.81356
 -1.05351
 0.90744
 -0.289186
 1.2874
 0.87347
 0.0132473
 1.33573
 -0.00503718
 1.19402
 -0.16999
 -0.210304
 0.324904
 -0.427621
 -2.55978
 -2.63764
 -3.25915
 -1.40757
 -1.63612
 -0.821471
 -0.742279
 0.426246
 -1.5351
 -0.888982
 -1.06069
 -0.219462
 -1.8675
 -1.4014
 -1.66943
 -0.974361
 -0.366363
 -1.1885
 -0.395072
 -0.864748
 -1.40743
 -1.09192
 -1.37428
 -0.144071
 -1.00802
 0.68227
 -1.68802
 1.15213
 0.153961
 1.47964
 0.698879
 0.15564
 0.98232
 1.87119
 0.774699
 0.133755
 1.19839
 1.48535
 1.30814
 1.36482
 1.00485
 -0.504647
 0.844982
 0.0818339
 0.776611
 1.0905
 0.258124
 0.398867
 0.543038
 -1.24271
 1.065
 0.282449
 1.82425
 -0.14911
 2.26968
 0.351705
 -0.160391
 0.138054
 -0.497813
 -1.05283
 -0.417497
 -0.59392
 0.0764428
 -1.39875
 -0.373545
 0.707498
 -0.357094
 0.623979
 -1.21346
 -1.89261
 -0.52081
 -1.55546
 -0.291549
 -1.2343
 -0.744887
 -0.61072
 -0.130892
 0.619521
 0.617207
 -0.106904
 0.239915
 0.794101
 -0.767968
 -0.499366
 0.543833
 0.627739
 -0.198718
 1.66617
 0.339247
 1.07736
 0.688322
 -0.225768
 0.220232
 -1.01741
 0.268086
 0.0805746
 -1.04666
 -0.240173
 0.801695
 -0.298896
 -0.379702
 -1.39418
 0.0598794
 -0.291622
 -0.453603
 -0.0617415
 -0.266323
 -1.15494
 0.141234
 0.329284
 0.207909
 0.617449
 0.595577
 1.61429
 2.15287
 2.02455
 1.88738
 1.7394
 1.99929
 0.627349
 2.52166
 1.47866
 -0.868992
 0.207224
 0.416095
 -0.164553
 0.124116
 0.0403248
 0.0850216
 0.456353
 0.0902954
 1.86335
 0.611295
 0.941683
 0.591509
 -0.479524
 1.32579
 -0.896498
 1.10377
 -0.473114
 0.0487451
 -1.29723
 -0.445018
 -1.78983
 -0.71403
 -0.901683
 -0.0885384
 0.776522
 -0.91068
 -0.416077
 -1.39939
 0.0233545
 0.646409
 -0.461972
 1.11955
 -0.619485
 0.735013
 -0.843126
 1.51355
 -0.00609952
 -0.25046
 -1.06872
 -1.15847
 0.257704
 -0.077712
 1.2559
 0.419436
 -0.749571
 0.0770285
 -1.14557
 -1.18085
 -1.86606
 -1.59985
 -1.50075
 -1.03175
 -1.15715
 -2.33146
 -0.788848
 -1.06115
 -1.01232
 0.531114
 -0.40777
 -0.536583
 -0.45852
 1.85132
 1.40679
 2.65096
 0.0150716
 1.61419
 1.23597
 0.996507
 1.26304
 -0.535242
 0.710534
 1.08339
 1.20083
 2.35373
 1.10067
 1.56201
 -1.02985
 -1.01513
 0.441354
 1.92199
 0.901626
 -0.0789829
 0.840942
 0.326766
 0.851744
 0.0830051
 -1.09993
 -0.508817
 -0.449679
 -0.56183
 0.51206
 0.0619134
 0.608695
 -0.828106
 0.360643
 0.155284
 0.365683
 -0.489794
 -1.89767
 -0.405847
 -0.163627
 1.03009
 0.321936
 0.148008
 -0.0379214
 0.847624
 0.718537
 1.68578
 -0.592721
 0.177828
 -1.15098
 -0.356132
 -0.948041
 0.0854275
 -1.15935
 0.832782
 -0.657565
 1.99963
 3.46517
 3.57192
 3.66842
 3.60961
 1.43744
 1.79542
 -0.096817
 -0.279303
 -0.596774
 -0.797946
 0.600818
 -0.0919166
 0.888376
 1.29654
 0.500248
 1.92688
 -1.12659
 -1.21989
 -0.171101
 -0.024201
 -1.12872
 -0.327804
 0.307891
 0.489157
 -0.513872
 0.595644
 0.151836
 1.66249
 0.675843
 0.700396
 0.464526
 0.626841
 -0.286562
 -1.18596
 -1.03382
 -0.932611
 -1.67575
 -1.25763
 -0.94321
 -1.53968
 -0.741485
 -0.216453
 -0.542308
 -0.280198
 -0.495035
 0.593996
 -0.838353
 -0.236653
 0.349977
 -0.0600813
 1.34703
 -0.368582
 0.339064
 -0.774001
 0.259223
 -0.468072
 -0.178932
 -0.942081
 -1.10372
 -0.158363
 1.09445
 0.190591
 -1.03838
 -0.413143
 0.299596
 -0.586585
 0.969526
 -0.0306396
 1.16566
 0.293371
 0.746726
 0.493163
 -1.2538
 -0.693108
 0.278485
 -0.518319
 0.377647
 -0.3258
 -0.83399
 -0.291307
 -1.81452
 -1.59086
 -1.70907
 -2.69901
 -0.312284
 0.0981488
 -0.320319
 0.675557
 1.0476
 0.444585
 1.69459
 0.60419
 0.70427
 1.17205
 0.99175
 1.52829
 -0.806975
 1.46026
 -0.893255
 1.10298
 0.949098
 1.99025
 1.88949
 1.37329
 0.555227
 -1.39931
 -0.196577
 -0.275068
 0.814633
 0.494521
 0.410326
 -0.170758
 -1.46358
 -2.5152
 -3.08293
 -1.13855
 -1.35065
 -0.583711
 -1.57627
 -0.585063
 -0.965289
 -1.00005
 -1.08827
 0.281983
 -0.300982
 1.4239
 1.34353
 -0.48073
 1.78197
 0.173329
 1.42677
 1.34837
 1.95574
 1.02898
 0.788342
 0.501726
 1.37552
 2.07407
 0.271572
 2.07191
 0.794972
 0.53209
 -0.118726
 1.09724
 0.0809113
 -1.26967
 0.80263
 -0.314518
 0.822913
 0.00727615
 -0.5816
 -2.17382
 0.16502
 1.47726
 0.221632
 0.471749
 -1.55165
 -1.19504
 -0.767297
 0.0070361
 -0.781643
 -1.73436
 -0.134462
 -0.95833
 -1.02328
 0.577722
 -1.15437
 -0.661016
 -0.777174
 -1.57155
 -0.114606
 -4.23772
 -1.61727
 -0.633922
 -0.137312
 0.578276
 0.801813
 0.939419
 0.784259
 0.656231
 -0.61129
 -0.62368
 -0.436642
 -1.52886
 -0.816425
 -1.99016
 -0.117633
 -1.88478
 -0.62092
 0.195329
 -0.773126
 -0.0463632
 -1.32548
 -0.27876
 -1.34352
 -0.905315
 -1.22228
 -0.556484
 -1.55288
 -0.80953
 -1.50287
 -2.15188
 -1.10092
 -0.765457
 1.10857
 -0.0974051
 -0.99465
 -0.900966
 -0.617764
 -0.637295
 -0.176371
 0.251942
 -0.358749
 -0.230107
 -0.691777
 0.686789
 0.389697
 -0.168417
 1.26038
 0.597993
 0.853818
 -0.233458
 -0.236698
 -1.11166
 0.326891
 -0.869398
 0.577398
 2.22595
 0.971891
 2.00017
 1.63053
 1.2453
 0.586401
 -0.340658
 -0.193303
 -0.578721
 0.120446
 0.546204
 0.326315
 0.288063
 -0.433712
 -0.21199
 -0.878524
 -0.227272
 -0.898141
 -1.72542
 -0.550951
 -0.469356
 -0.592853
 1.2
 -0.86863
 -0.205051
 0.583812
 -0.770291
 0.10045
 -0.286253
 -0.707335
 -0.226995
 -0.741348
 -0.649999
 -0.228999
 -0.314256
 0.160269
 -0.0903911
 1.58632
 1.65091
 0.479284
 1.74065
 -1.47079
 0.19222
 -2.23069
 -2.15382
 -1.61588
 -2.2635
 -1.2278
 -0.990828
 -1.28523
 -1.27144
 0.503468
 -1.91892
 -1.11361
 -1.7139
 -0.548954
 -0.250751
 -0.878713
 -0.584589
 0.957561
 0.53761
 0.143795
 0.0623142
 -1.73871
 0.0249969
 0.364581
 0.239686
 -0.348817
 0.267732
 0.160915
 0.157198
 2.17401
 0.703592
 2.3879
 1.52681
 1.54285
 -0.093801
 0.45942
 0.764485
 -0.259318
 2.36057
 0.752715
 0.925757
 -0.692996
 0.343385
 0.0873139
 0.798614
 -0.0340774
 1.61113
 0.101582
 0.894139
 -0.272054
 1.63624
 0.261154
 -0.433758
 -1.4028
 -0.963001
 -1.63144
 -0.316859
 -0.485963
 1.25616
 -0.00804245
 -0.18323
 -0.387307
 2.02341
 1.11759
 0.684919
 0.495209
 -1.05258
 0.27104
 -1.40621
 0.924651
 0.155032
 0.778158
 0.36253
 1.59351
 0.844169
 0.278659
 0.287266
 0.164854
 -0.86016
 1.72896
 -0.182633
 0.380309
 -0.0200737
 -0.891786
 -1.21388
 -0.185254
 0.50522
 -1.55935
 -0.410692
 -0.423258
 -0.00138042
 0.631385
 0.15006
 -0.335871
 -0.406718
 -0.116228
 0.784393
 -0.763695
 -0.800233
 0.799119
 0.449183
 1.52907
 1.389
 1.5127
 0.913252
 1.72096
 1.22949
 1.06782
 1.66804
 1.37568
 2.00203
 1.75411
 2.68769
 1.81045
 1.74466
 0.966907
 0.113939
 -1.73896
 -0.371602
 -1.35855
 -0.0416436
 0.974821
 -0.134557
 -1.42252
 0.76666
 0.30579
 1.80956
 0.794115
 0.362919
 0.982219
 -0.147545
 0.517624
 0.853455
 -0.24461
 0.637539
 -0.529581
 -0.5752
 0.163664
 -0.319084
 0.346586
 0.882081
 0.788691
 -0.275857
 1.19721
 0.16344
 -0.425796
 -0.566113
 -0.861349
 0.0595042
 0.813865
 0.620076
 1.6855
 -0.218492
 -1.03448
 -1.63035
 -0.574229
 -2.71031
 -0.485498
 -1.28388
 -1.80998
 -0.731012
 -0.0173351
 -1.00626
 -1.55609
 -1.17014
 -1.03492
 -0.838329
 -1.7276
 -0.109281
 0.412375
 0.255227
 -0.194239
 -0.598336
 -1.48329
 -1.48782
 1.0461
 1.2978
 0.988164
 0.124082
 -0.108509
 0.963258
 0.353318
 0.474686
 0.496735
 -1.10297
 -1.04192
 0.785115
 2.36963
 3.1167
 0.0580849
 0.109653
 0.248654
 0.41644
 -0.224537
 1.72219
 0.711611
 -0.104286
 0.529079
 -0.704934
 0.587548
 0.257939
 0.373125
 1.98797
 -0.50513
 0.0892747
 -0.841558
 0.0694876
 -1.21714
 -1.00712
 -0.463495
 -0.328254
 1.27315
 -0.28749
 2.69992
 0.420228
 2.15181
 0.936258
 1.17705
 1.08055
 0.32942
 1.9125
 -0.184293
 0.0956182
 1.5182
 -1.05705
 0.832697
 -1.98034
 -0.0681025
 0.272077
 -0.0711806
 1.29966
 0.240939
 0.705182
 0.284737
 0.458787
 1.53931
 0.476803
 1.16314
 0.642354
 -0.0996994
