 0.646276
 0.249795
 1.0153
 1.25205
 -0.216154
 -1.19931
 -1.7338
 -1.22015
 -1.24075
 -1.38582
 -0.680143
 -0.0357769
 0.666148
 0.95967
 0.67382
 -0.466318
 -0.849044
 -0.7483
 -1.00345
 0.730579
 0.00746551
 0.13076
 0.795084
 -0.10663
 0.976789
 1.52587
 1.1866
 0.683455
 -0.46546
 -1.25231
 -0.848417
 -0.890466
 0.0367398
 0.441304
 -0.234707
 -0.345792
 0.0210425
 -0.460986
 0.570078
 0.467886
 -0.666165
 0.541925
 0.710635
 -0.148673
 -0.431166
 0.0810058
 -0.572023
 -1.42244
 -1.33641
 -0.947997
 -0.207099
 0.167737
 0.75978
 0.716387
 0.0072496
 0.0272237
 0.295438
 1.83596
 0.248095
 -0.555092
 -0.0612758
 -0.0892049
 0.406703
 1.0903
 0.459601
 1.14283
 1.3895
 0.734771
 -0.168176
 -0.492508
 -0.336009
 -1.50995
 -2.34849
 -1.59094
 -1.15241
 -1.30437
 -2.14263
 -1.18282
 -1.47222
 -1.6688
 -0.0800511
 -0.484322
 0.112769
 0.177806
 -0.310314
 0.122067
 0.725801
 0.263143
 1.28075
 0.673396
 1.00495
 0.91626
 0.646898
 -0.924466
 -0.265721
 -0.0406063
 -1.36649
 -0.530251
 0.531575
 0.546378
 0.42837
 0.529592
 0.691778
 0.72099
 0.379992
 -0.215183
 -0.492108
 0.0444867
 0.472628
 0.0352584
 -0.546968
 -0.991098
 -0.0487913
 0.357049
 -0.153347
 1.00402
 0.318723
 0.283643
 0.526727
 0.16077
 0.837701
 0.5904
 0.119625
 2.05846
 1.4616
 0.604986
 -0.211196
 -1.37933
 -2.36691
 -1.02593
 -0.362212
 -0.0593918
 0.0983789
 -0.0191758
 0.452866
 0.517302
 0.560758
 0.582613
 0.4547
 -0.251155
 0.177567
 0.278446
 -0.232164
 0.0877753
 0.227272
 0.607511
 0.905799
 0.475339
 0.751857
 1.26378
 1.95998
 1.40455
 1.19094
 1.75187
 1.52357
 0.865757
 0.906233
 -0.107344
 -0.0373973
 -0.723527
 -0.53179
 -0.525633
 -0.724325
 -0.524965
 0.5658
 0.944905
 0.537524
 -0.491274
 -0.00102683
 0.516439
 1.50926
 0.883983
 1.6121
 2.42126
 1.8048
 1.19589
 0.755754
 0.291549
 0.0267526
 0.055143
 0.00647833
 -0.447415
 -0.404436
 -0.120117
 -2.07585
 -0.236562
 -0.12726
 -1.06951
 -1.61922
 -1.15863
 -0.913079
 -0.570188
 -1.2749
 -1.55851
 -1.53885
 -0.165908
 0.501442
 -0.762555
 0.235567
 0.490499
 -0.242354
 1.15309
 1.74561
 1.76133
 2.16144
 1.55438
 1.38857
 0.751319
 -0.123449
 0.0590852
 -0.167248
 -0.550012
 -0.172835
 -1.3252
 -0.792695
 -1.79441
 -1.8217
 -1.52452
 -1.34869
 -1.2334
 -1.4652
 -0.810761
 -1.19788
 -0.640115
 0.238341
 -0.302868
 -0.469751
 -0.467243
 -1.13293
 -1.84699
 -0.980459
 -0.698251
 -1.55381
 -1.82784
 -1.40997
 -1.15521
 -0.163046
 0.555609
 0.431757
 -0.53533
 -0.304056
 0.23361
 -0.0605723
 1.86804
 1.31388
 0.317482
 0.535794
 -0.0861155
 -0.84454
 -0.882359
 -0.74123
 -0.662896
 -0.163726
 0.537634
 -1.23351
 -1.78679
 -1.55629
 -1.64075
 -1.76401
 -0.992839
 -0.565575
 0.080009
 -0.321522
 -0.881042
 -0.523776
 -0.275672
 -0.244554
 -1.44829
 -1.50211
 -2.09783
 -0.838522
 -0.491637
 0.435671
 1.29907
 0.838171
 1.38276
 1.81425
 1.4846
 1.25261
 1.82811
 1.46814
 0.853232
 0.650885
 0.707637
 0.596779
 0.221218
 0.758208
 1.28194
 0.463419
 -0.761819
 -1.14827
 -0.829287
 -1.62178
 -2.93313
 -2.33607
 -0.798128
 -2.15346
 -2.27089
 -2.04817
 -2.17158
 -1.29553
 -0.180119
 -0.913642
 -0.19728
 -0.0934974
 0.770695
 1.53529
 1.3594
 0.520013
 -0.165172
 -1.12457
 -0.969965
 -0.174983
 -1.25843
 -0.791298
 -1.82644
 -1.10858
 -0.925339
 0.56876
 -0.24014
 -0.462826
 -0.87592
 -1.15909
 -0.149855
 -0.0869565
 0.665599
 1.31886
 1.91105
 2.03456
 1.30416
 1.14467
 2.00761
 0.912652
 0.217296
 -0.557194
 0.135495
 -0.0100868
 0.850564
 0.910787
 0.32278
 -0.109514
 0.500785
 0.464901
 0.815979
 -0.149628
 -0.0199275
 0.428474
 0.873198
 0.450578
 -1.29023
 -0.230392
 -1.18397
 -0.579277
 -0.487911
 0.772642
 0.583518
 0.0921489
 -0.6516
 -2.30622
 -2.11758
 -1.68628
 -2.20449
 -1.77506
 -1.36715
 -0.995865
 -1.36422
 -1.03631
 0.51963
 -0.504159
 -0.339076
 -0.261516
 0.248247
 0.788951
 0.122246
 -0.539919
 -0.393247
 0.191423
 0.370203
 0.126768
 -1.06453
 -0.624474
 -0.819545
 -0.456623
 -0.0633475
 -0.127577
 0.737216
 0.73243
 -0.296585
 0.582303
 0.136348
 -0.375792
 -0.0903633
 0.00111426
 -0.878603
 -0.641527
 -0.69963
 -0.158252
 -1.12215
 -1.33112
 -0.155834
 -0.102231
 -1.18981
 -0.204509
 -0.220295
 -1.45981
 -1.36532
 -1.66757
 -1.32402
 -0.807215
 -0.550959
 0.0940333
 -0.155214
 -1.39784
 -0.63423
 -0.359177
 -0.958911
 -1.71078
 -2.28906
 -2.5254
 -1.40949
 -1.90398
 -1.05916
 -0.779471
 0.529149
 0.29348
 -0.331967
 0.683089
 -0.276251
 -0.0911254
 2.8174e-05
 -0.392126
 0.302342
 1.25932
 0.245517
 0.181397
 -0.0934569
 0.239284
 0.109727
 0.157583
 -0.393376
 -1.37548
 -2.43889
 -2.37497
 -1.31948
 -1.3668
 -0.882846
 0.010045
 -0.0862109
 -0.145014
 0.83841
 0.839426
 0.0886
 0.355048
 0.419243
 0.577471
 0.41733
 1.25904
 1.13472
 1.26622
 0.292083
 -0.494036
 -0.0732275
 0.00805437
 0.623107
 1.03512
 0.732061
 1.33813
 1.47792
 0.562327
 -0.82486
 0.323024
 0.0154153
 -0.701443
 -0.942109
 -0.136624
 -0.804374
 -1.02388
 -1.36653
 -1.05199
 -0.993654
 -0.950957
 -1.21176
 -0.811519
 -0.799738
 -0.472986
 -0.806528
 -0.665988
 -1.10003
 -2.09562
 -1.76636
 -2.2101
 -2.49561
 -2.18844
 -2.70794
 -2.77025
 -1.71651
 -1.78435
 -1.19922
 -1.51837
 -0.771633
 -0.411373
 -0.795802
 -1.20468
 -1.35866
 -0.874532
 -1.18243
 -0.689221
 0.317249
 -0.662045
 -0.977244
 -2.12511
 -2.32434
 -2.37756
 -1.23744
 -1.37172
 -1.81485
 -1.74826
 -2.34539
 -0.769458
 -0.161851
 -0.097827
 -0.317037
 -1.13289
 -1.46745
 -0.843666
 -0.776086
 -1.25297
 -0.923816
 -0.683338
 0.310464
 0.77902
 2.11362
 1.23948
 0.493718
 0.665869
 0.197164
 0.831818
 0.216704
 -0.371783
 0.104349
 -0.179663
 1.48658
 1.88873
 1.01456
 1.1516
 0.667066
 -0.161232
 -0.0137836
 -0.784617
 0.173208
 0.345331
 0.3864
 0.0926717
 0.242619
 1.36089
 1.32471
 0.398076
 1.06381
 0.397313
 0.781789
 0.928625
 0.531096
 0.519143
 0.240885
 0.0179119
 0.727233
 0.465212
 -0.0472244
 -0.366057
 -0.401759
 -0.536537
 -1.77947
 -2.16054
 -1.49122
 -1.50915
 -0.119275
 -0.209945
 -0.573945
 -0.782017
 0.0815461
 -0.912493
 -0.227433
 0.0917991
 0.0734554
 0.0541818
 0.0207792
 -0.958651
 -0.619164
 -0.571356
 -0.0533242
 -0.542634
 -1.09007
 -0.410638
 0.935959
 0.122785
 0.615412
 1.10694
 1.49816
 1.16053
 1.10434
 0.721204
 0.233601
 0.173766
 0.631948
 0.135348
 -0.704226
 -0.949916
 -1.25697
 -0.958209
 -1.10184
 -0.863563
 -0.848032
 0.257462
 0.822067
 2.11722
 2.71151
 2.08638
 1.92591
 0.643949
 1.23227
 0.824001
 0.801826
 0.896869
 1.62921
 1.16439
 0.480307
 -0.533278
 -0.40599
 -0.616624
 0.412656
 0.239844
 -0.178285
 -0.187447
 0.546062
 1.14129
 1.07766
 0.541577
 0.34414
 -0.264893
 1.07431
 0.131351
 1.21286
 0.173512
 0.0466855
 0.234319
 0.234661
 -0.512654
 0.255621
 -0.718377
 0.121752
 0.243764
 1.18186
 1.54614
 1.45698
 0.809921
 1.20661
 0.172806
 0.574886
 0.887429
 -0.315493
 -0.156225
 1.10238
 1.20655
 0.455423
 -0.0590503
 1.17994
 0.0220629
 0.465761
 -0.442178
 -0.45992
 -1.61694
 -1.25274
 -0.654562
 -0.651695
 -0.785588
 -0.8853
 0.219849
 -0.736911
 -0.0826129
 -0.0294057
 -0.0440247
 -0.217286
 -0.193974
 -1.8642
 -1.67352
 -1.83593
 -1.48921
 -1.17439
 -0.783502
 -1.64808
 -2.03414
 -2.15016
 -1.38252
 -0.975914
 -0.377914
 -0.596327
 0.176599
 -0.894064
 -1.08679
 -1.53686
 -2.48019
 -1.24524
 -1.02773
 -0.916636
 -0.708897
 -0.176816
 -0.496058
 -0.400958
 -0.535785
 -0.0309928
 -0.23612
 -0.627481
 1.90351
 2.11539
 2.62363
 1.84176
 0.613358
 0.339891
 0.643891
 0.612648
 0.534509
 0.0449353
 0.968661
 0.652829
 0.878398
 0.495003
 1.22921
 -0.487399
 -0.498582
 -0.724678
 0.805685
 0.733907
 0.365014
 0.199987
 0.345373
 1.27079
 0.736526
 0.649848
 0.963205
 1.57695
 1.4568
 0.761332
 0.789841
 0.0511802
 -0.855155
 -0.924755
 -1.21692
 -0.588089
 -0.585117
 1.17741
 1.59634
 2.09972
 1.31574
 1.2293
 1.96081
 1.80006
 2.16605
 0.956255
 0.375056
 -0.217979
 -0.340047
 -0.209962
 -0.204801
 -0.633363
 0.843488
 0.772478
 1.00678
 0.837257
 1.0886
 0.651654
 0.613533
 0.105537
 0.207731
 -0.393739
 -0.538395
 0.745605
 0.476025
 -0.320842
 -0.101622
 0.266263
 -0.264372
 -0.21884
 -0.130777
 0.910938
 0.557377
 -0.827094
 -1.00267
 -0.765252
 -0.783434
 -0.199323
 0.595793
 -0.0290659
 0.0989703
 0.233076
 0.659172
 0.292957
 -0.468309
 -0.0216528
 -0.736364
 -0.438834
 0.707762
 1.87946
 1.62113
 0.708995
 0.176043
 -0.17088
 -0.746095
 -0.536127
 -1.83373
 -1.10107
 -1.24134
 -0.543538
 -0.363233
 -1.67491
 -1.32003
 -1.42911
 -1.33157
 -0.0926319
 0.272006
 -0.00589789
 -0.419381
 -1.063
 -0.905131
 -1.11019
 -1.63676
 -0.488645
 -0.394193
 -1.3005
 -1.24259
 -0.906607
 -0.289941
 0.0510749
 -0.0411735
 -0.791885
 -0.41183
 -0.859611
 -0.379661
 -0.411486
 -0.290805
 -1.23019
 -1.44039
 -0.667113
 -0.806627
 -1.4304
 0.0762198
 -0.284207
 -0.139902
 0.478815
 -0.0879293
 -0.32016
 -0.729605
 -0.991284
 -0.0166137
 -0.177279
 -0.0563211
 -0.596988
 -1.2057
 -0.461173
 -1.17251
 -1.20539
 -1.55195
 -2.07827
 -1.67358
 -0.666598
 -0.611012
 -0.186623
 -0.383388
 -1.5037
 -0.546466
 -0.167109
 -0.0393597
 0.193886
 0.549721
 -0.656999
 -1.14271
 -0.712567
 -1.58819
 -1.07575
 -1.68243
 -1.56376
 -0.644854
 -0.07877
 -0.655551
 -1.55392
 -1.58789
 -0.889735
 0.384883
 0.623823
 1.31053
 0.499466
 0.744063
 0.518183
 0.584878
 -0.622641
 0.242844
 -0.598827
 -0.372911
 -0.825096
 -1.59102
 -1.25238
 -1.26784
 -1.00596
 -0.0544952
 -0.0975282
 -1.14134
 -1.49105
 -1.88716
 -2.04662
 -1.30025
 -1.04473
 -1.38854
 -0.361421
 -1.33717
 -1.4105
 -0.856324
 -1.1543
 -0.879125
 -0.699452
 -0.138265
 -0.545105
 1.00612
 0.374086
 0.174925
 -0.0682755
 0.527822
 2.49437
 1.55106
 1.04394
 1.13607
 -0.0106131
 0.114489
 0.802578
 0.776222
 -0.594185
 0.216953
 -0.486511
 -1.03689
 -0.0931738
 -0.335765
 0.987996
 0.509939
 0.754262
 0.657399
 0.109017
 -0.55754
 -0.944459
 -0.297707
 0.258621
 1.0834
 1.30827
 1.27078
 1.57152
 1.10075
 1.52015
 0.611714
 0.164717
 0.655679
 0.137842
 -0.0646621
 0.503164
 0.473501
 1.79115
 1.33653
 0.904122
 -0.115107
 0.0265533
 0.149705
 -0.0664098
 0.375877
 -0.26362
 0.706702
 0.974294
 1.52331
 1.66544
 0.76241
 0.422025
 -0.42006
 -0.594882
 -0.719907
 -0.142145
 -0.333116
 0.470895
 -0.520391
 0.350434
 -1.14689
 -0.402927
 0.570785
 0.69162
 0.476327
 0.308557
 -0.311486
 -0.866464
 0.320706
 0.663728
 0.81765
 1.42679
 0.881343
 0.288488
 0.186347
 0.568513
 0.557075
 0.956875
 0.980632
 0.648648
 1.05855
 1.00004
 0.643129
 1.10342
 -0.139153
 -1.05637
 -0.467456
 -1.0973
 -1.1912
 0.459251
 -0.161474
 -0.318065
 0.22896
 0.338967
 1.03281
 -0.568519
 -0.780141
 0.157584
 0.103255
 -0.413764
 -0.102617
 -0.553136
 -0.562475
 0.211797
 0.511018
 -0.544647
 -0.0475273
 -0.483298
 -0.701248
 -1.19695
 -0.672012
 0.761076
 0.667609
 -0.0952166
 0.403083
 -0.255597
 -0.690832
 -0.435718
 -0.0705158
 -0.366384
 -0.992031
 -0.522828
 0.106855
 0.957491
 0.736847
 0.944885
 1.09766
 1.29013
 1.41274
 1.70729
 1.93488
 1.66232
 1.08447
 1.13971
 0.507239
 0.619344
 0.786674
 0.178497
 0.238135
 -0.351571
 -0.285216
 0.332279
 0.37409
 0.0725876
 0.248529
 0.782231
 0.243147
 -0.18455
 0.185253
 0.753123
 1.29981
 1.4072
 1.73311
 2.43368
 2.06973
 2.30817
 0.968906
 1.10883
 0.405086
 0.0885063
 0.365749
 0.58812
 0.206185
 -0.565777
 0.0669114
 -0.171104
 -0.595991
 -0.798682
 -0.827856
 -0.729788
 -0.64502
 -0.537793
 -1.05819
 -1.18379
 -1.7355
 -1.05531
 -1.20178
 -0.753163
 -0.68967
 -0.598928
 0.103166
 -0.560986
 -0.571193
 -1.13359
 -1.94806
 -1.28478
 -0.95816
 -0.0322796
 1.68235
 2.22071
 1.4163
 0.531698
 0.761986
 0.25854
 0.0833095
 -0.0661355
 0.190961
 0.677667
 0.877292
 -0.340432
 0.0555511
 0.178501
 0.929626
 0.226444
 1.06635
 0.993925
 0.123366
 -0.46582
 -0.497228
 -1.68807
 -2.77517
 -2.7605
 -1.82155
 -1.12918
 -1.28387
 -0.686214
 -0.0532386
 0.0730289
 -0.923276
 -0.824289
 -1.06905
 -1.26928
 -2.55794
 -2.39227
 -3.49907
 -1.34918
 -0.259238
 -1.27006
 -0.176368
 -0.0842748
 -0.262819
 0.193339
 -0.766151
 -0.726021
 -1.0595
 -1.56993
 -0.592246
 -0.830978
 1.23949
 0.200178
 -0.0349979
 -0.791713
 -1.02692
 0.319176
 -0.284632
 0.775992
 0.941844
 2.32077
 2.2144
 1.72181
 0.572315
 0.64002
 -0.569013
 -1.16966
 -1.37896
 -0.241287
 -1.18839
 -0.935869
 -1.86289
 -0.0838616
 0.888963
 0.259027
 0.495735
 -0.532461
 -0.0167133
 -0.782461
 -1.07547
 -1.51247
 -0.863389
 -1.09663
 -0.98527
 -0.743947
 -0.838073
 -0.563387
 -1.05181
 -1.59375
 -1.08703
 -0.623543
 0.41737
 0.52394
 0.974522
 0.781148
 0.815906
 0.443906
 0.184848
 0.555397
 0.474412
 0.627431
 0.805288
 0.611274
 0.0754065
 0.0795051
 -0.0427968
 -0.0092963
 0.235457
 0.951448
 0.385831
 0.298712
 1.52538
 1.51796
 1.02958
 0.562101
 -0.444304
 0.0759145
 0.0119886
 -0.34962
 -0.208337
 0.280021
 0.0290141
 -0.646452
 0.0776006
 0.678458
 1.50347
 1.70414
 1.26822
 1.86531
 1.88036
 0.330308
 0.478084
 0.054794
 0.686994
 0.679993
 1.17691
 1.71696
 1.25984
 -0.538557
 0.222313
 1.33739
 0.709752
 -0.0782791
 0.32294
 0.0348649
 -0.663754
 -0.452536
 -0.377353
 -0.111415
 0.370848
 0.820255
 -0.27722
 0.181766
 -0.184787
 -0.426648
 -0.692233
 -0.612242
 -1.06525
 -0.72539
 0.474718
 -0.149561
 -0.866149
 -0.848455
 0.562118
 0.720971
 -0.00711083
 -0.219668
 -1.29462
 -0.693352
 -0.312972
 -0.762975
 1.02577
 2.30633
 1.37342
 1.11881
 1.00537
 0.811208
 0.794636
 0.916107
 0.811425
 0.908335
 0.144643
 1.00806
 0.803792
 0.250469
 0.512966
 -0.303938
 -1.11366
 -0.859125
 -0.365575
 -1.13936
 -0.162992
 -1.09419
 0.188051
 -0.365652
 -1.33055
 -0.536097
 -0.105806
 -1.19389
 -1.19538
 -0.423524
 -0.700573
 0.0383022
 0.976314
 2.41668
 2.71193
 1.95935
 0.469262
 0.790158
 0.260676
 -0.805263
 -1.48985
 -1.47053
 -0.997238
 -0.0616493
 0.0966415
 -0.589266
 -0.489869
 -0.674755
 -0.314364
 0.126981
 0.335715
 1.00548
 1.38371
 0.0190865
 -0.422867
 -0.3807
 -0.637186
 -0.333003
 0.0255074
 0.0346169
 0.675937
 0.982966
 1.04512
 1.20632
 1.16343
 1.32913
 1.16634
 1.65018
 0.797559
 -1.14649
 -1.15133
 -0.716686
 -0.5148
 -0.598917
 0.147455
 1.0421
 0.360994
 0.238402
 0.874352
 0.00989968
 -0.935513
 -0.824913
 -0.358396
 0.314402
 -1.34924
 -1.78452
 -2.06373
 -1.32064
 -1.2737
 -1.45142
 -0.676614
 -0.413817
 -0.069482
 -0.235782
 -1.066
 -0.18572
 0.689989
 1.24782
 0.499423
 0.729151
 1.94446
 1.72841
 1.6264
 0.813349
 1.3967
 0.246817
 1.38609
 2.00791
 0.802903
 0.565292
 1.56172
 0.740458
 0.919479
 0.851584
 -1.57653
 -0.989266
 -0.0550255
 1.32167
 0.994824
 1.27603
 0.931453
 1.48758
 1.29238
 0.329116
 0.242881
 0.502397
 0.139162
 -0.113009
 0.448148
 -0.183682
 -0.980806
 0.635666
 0.66027
 0.766426
 0.221875
 0.280229
 0.421908
 -0.0863218
 0.715143
 -0.52354
 -0.984592
 -0.663828
 -0.470296
 -1.41392
 -0.681731
 0.460015
 0.627468
 0.324235
 -0.895843
 0.189296
 0.106742
 0.372953
 0.705265
 0.969155
 1.16757
 -0.230133
 -0.0247665
 0.437638
 0.15419
 -0.218367
 -0.553166
 -0.124016
 -0.177321
 -1.11907
 -0.287162
 -0.740286
 -0.896315
 -1.0173
 -1.1264
 -1.5285
 -1.84756
 -1.88388
 -2.25294
 -1.89512
 -2.19535
 -1.72132
 -1.19533
 0.545537
 0.282692
 0.0145899
 -1.52912
 -1.75692
 -2.25753
 -0.907627
 -1.40221
 -0.197266
 0.0122154
 -0.65795
 -1.48806
 -1.78592
 -1.0193
 -0.351838
 -0.857715
 -0.096927
 -1.48992
 -0.999354
 -0.289737
 -0.291427
 0.579122
 0.588583
 -0.726082
 -0.884989
 -0.534282
 0.335881
 -0.25555
 -0.153435
 -0.107429
 0.481943
 0.0728819
 -0.123225
 -1.39587
 -0.428777
 0.22198
 0.758801
 0.371466
 0.272407
 0.284589
 -0.072128
 -0.766905
 -2.07499
 -1.47751
 -0.730804
 -0.546153
 -0.393036
 1.02343
 0.611394
 0.940608
 -0.466106
 -0.0245935
 0.602277
 0.608001
 0.576143
 1.40635
 1.60078
 1.4501
 0.019247
 0.542155
 0.655735
 0.436612
 -0.109212
 0.554447
 0.422845
 0.739368
 0.877244
 0.979021
 0.447587
 1.19735
 0.524581
 -0.321707
 0.486344
 0.424755
 0.0643759
 0.108331
 0.366369
 0.338813
 0.00988659
 0.234941
 1.7602
 2.01636
 1.09187
 0.0952072
 -1.66709
 -0.745151
 -1.00269
 -0.211904
 -1.04758
 -1.18894
 -1.17336
 -0.956801
 0.136585
 0.123254
 0.94194
 1.12167
 0.96468
 1.14648
 0.200014
 -0.139514
 0.403161
 -0.959673
 -1.35253
 -0.339641
 -1.11951
 -0.703146
 0.255234
 -0.38345
 0.24662
 1.35328
 1.49672
 1.7521
 0.92197
 0.263351
 -0.239249
 -0.981827
 -1.75426
 -2.00573
 -1.26552
 -1.15246
 -1.51725
 -0.856193
 -0.197278
 0.706348
 0.719693
 0.387972
 0.783798
 -0.824904
 -0.294055
 -0.952506
 -0.642151
 -0.0316998
 -0.0185218
 -0.473271
 0.0207452
 1.36976
 1.18556
 1.34914
 1.88831
 2.19579
 1.58571
 2.13145
 1.77855
 1.79151
 1.41888
 1.96334
 1.69296
 0.85087
 0.114056
 0.520473
 1.20701
 1.09615
 1.30174
 1.73031
 0.662454
 0.68033
 -1.38779
 -1.03634
 -1.10392
 -1.27514
 -0.656334
 -0.00559373
 -0.365755
 -0.942299
 -1.38626
 -1.66727
 -1.58875
 -1.87128
 -2.09261
 -1.1158
 -1.0117
 -0.803263
 -0.209675
 -0.300079
 0.500642
 0.167153
 -0.160703
 -0.655021
 -0.352616
 -1.30967
 0.115494
 -0.376415
 0.234668
 0.205477
 1.5837
 1.08019
 0.651854
 0.19372
 0.815317
 0.567972
 0.326854
 0.795216
 1.84531
 0.972582
 0.942768
 0.122977
 0.897477
 0.73915
 -0.05427
 -0.271016
 -0.094991
 -0.404729
 -0.0143844
 1.01972
 0.84486
 0.357311
 0.187535
 -0.600288
 -0.630131
 -0.556935
 0.314475
 1.82196
 1.22513
 1.56016
 2.5829
 1.74769
 1.83157
 1.65488
 1.87966
 0.0415879
 -0.344389
 0.497389
 -0.174655
 -0.423119
 -0.677885
 0.12567
 0.555456
 -0.166996
 0.0850329
 0.639007
 -1.00945
 0.200441
 -0.0915541
 -0.642978
 0.514968
 0.0837371
 0.231646
 -0.573243
 -0.137879
 -1.19949
 -1.41335
 -0.636847
 -0.854871
 -0.458291
 0.269367
 0.637118
 0.536204
 0.858808
 0.684654
 1.88645
 1.16177
 0.706678
 0.88764
 -0.462595
 -0.884964
 0.372296
 0.921679
 1.05324
 1.63139
 0.790041
 0.0972615
 -0.0470982
 0.194475
 0.616102
 0.356633
 -0.153147
 -0.645386
 -0.226304
 -0.0926376
 -0.215199
 -0.0910771
 -0.586372
 0.501917
 0.37958
 -0.74686
 -0.759132
 -0.668247
 -0.877109
 -0.382519
 -1.26498
 -0.996446
 -1.92492
 -1.80618
 -2.88294
 -2.50141
 -1.72521
 -0.862403
 0.168919
 -0.41353
 -0.716211
 -0.341268
 -0.159571
 -0.182074
 -0.0551046
 1.23617
 2.74
 2.53503
 1.66551
 1.07847
 -0.247231
 -0.00932218
 1.39886
 0.868888
 0.169938
 -0.245788
 0.242807
 -0.437581
 -0.0643731
 -0.0908911
 -0.375732
 0.00134694
 -0.537303
 0.379275
 0.133901
 -0.483223
 -0.482397
 -1.42872
 -1.63863
 -0.965935
 -0.860747
 -1.3127
 -1.31019
 -0.619571
 0.482619
 1.13959
 2.29188
 1.96282
 2.66747
 2.89248
 1.47003
 1.26958
 0.686769
 1.48117
 2.26721
 2.33403
 2.28886
 1.95275
 2.16725
 1.57194
 2.34541
 1.75226
 0.887132
 1.00485
 1.46547
 0.994757
 1.15542
 -0.324711
 -0.287977
 0.432765
 -0.316519
 0.372993
 0.397344
 1.05907
 0.697259
 1.26323
 1.50749
 2.7141
 1.48376
 2.00994
 1.44538
 0.619269
 0.925872
 0.618352
 0.802584
 1.19569
 1.06895
 0.533591
 -0.42485
 -0.536201
 -0.349904
 -0.222119
 0.591711
 0.49317
 1.45747
 1.61738
 1.39839
 0.778592
 -0.4727
 -0.262069
 0.116572
 -0.0278117
 -0.664984
 0.579408
 -0.162099
 -0.280573
 0.317806
 0.0863448
 0.152853
 0.186654
 -0.046983
 0.396402
 -0.00853316
 -0.0844249
 0.0195702
 -0.537122
 -0.421702
 -1.11667
 -0.825408
 -0.453576
 -0.855911
 -0.653986
 -0.326066
 -1.14405
 -0.23111
 -1.21137
 -0.911354
 -0.515575
 0.846883
 0.952417
 1.69505
 1.1278
 0.173162
 -0.58509
 -1.18473
 -0.688446
 0.388221
 -0.0761032
 -0.810085
 -1.15247
 -1.65264
 -0.731905
 -0.383645
 0.208335
 -0.162012
 -0.205538
 -0.0984411
 -0.219628
 -0.735727
 -0.228718
 0.0304384
 0.138537
 0.422673
 1.3248
 1.4203
 0.802791
 0.102099
 0.293188
 1.26166
 1.4689
 0.96727
 0.722533
 0.790191
 0.183134
 -0.196908
 0.488404
 0.794322
 0.369529
 -0.686536
 -1.24205
 -1.15054
 -0.267066
 -0.155355
 -0.223393
 -0.897409
 -0.310736
 -1.01074
 -0.526562
 -0.818708
 0.111612
 0.366872
 1.1901
 0.179232
 0.416882
 0.937396
 0.143803
 -0.361359
 -0.980187
 -1.33155
 -0.107809
 0.864601
 0.648905
 -0.53975
 0.716822
 -0.256178
 0.660962
 0.0091949
 -0.292615
 -0.929898
 0.181283
 -0.066296
 0.0828395
 -1.41406
 -1.49282
 -0.690351
 -0.724437
 -1.00028
 -0.683883
 -0.33776
 -0.402628
 -0.166574
 -0.674813
 -1.18805
 -0.180101
 -0.111025
 -0.618579
 -0.52069
 -0.0428663
 -0.282537
 -0.177583
 0.343472
 0.794295
 0.636429
 -0.054005
 0.0838599
 -0.933459
 -0.740182
 -0.554599
 -0.919259
 -1.35785
 -1.05032
 -0.565673
 -1.09001
 -0.733736
 -0.494989
 -0.129537
 -0.777198
 -0.973701
 -0.485685
 -0.05817
 -0.329885
 -1.01167
 -1.0764
 0.158964
 -0.620818
 -0.726475
 -0.00827375
 0.471555
 0.320863
 -0.778032
 -0.828563
 -0.437627
 -0.251118
 0.347093
 0.257376
 -0.822074
 0.140067
 0.378338
 0.663118
 0.630557
 -0.243902
 0.0105083
 -0.385693
 -0.39744
 -1.01637
 -0.625284
 -1.25685
 -0.531643
 -0.658681
 -1.27442
 -0.975545
 -2.24024
 -2.27028
 -2.57315
 -1.93449
 -1.23588
 -2.046
 -1.67701
 -1.60323
 -1.98656
 -2.43149
 -2.63787
 -1.67787
 -0.268387
 0.0942892
 -1.22927
 -1.38977
 -0.396201
 -0.912837
 -0.691404
 -1.48135
 -1.4604
 -2.09939
 -0.777898
 -1.10667
 -0.722645
 -0.44894
 -0.80768
 -0.206345
 -0.546898
 -0.83455
 -1.19555
 0.570518
 1.31746
 1.84638
 1.57936
 0.988019
 0.999504
 1.30922
 0.935335
 0.413808
 -0.652198
 -0.512099
 -0.234868
 -0.00075768
 0.637752
 -0.0580379
 0.578543
 -0.0252113
 -0.52137
 0.222165
 0.205667
 0.190858
 -0.0126223
 -1.61038
 -0.828478
 -0.780464
 -1.2391
 -0.614861
 -1.20255
 -0.504468
 0.324549
 1.53428
 1.87444
 0.623402
 1.65434
 0.377187
 0.686731
 1.34257
 0.121921
 -0.00465431
 -0.246356
 0.717958
 -0.196936
 0.270548
 -1.00756
 -0.940448
 0.37065
 -0.423961
 -1.57131
 -1.61768
 -1.77941
 -1.27921
 -1.36503
 -1.45216
 -0.0819909
 -0.486288
 0.559238
 -0.270003
 -0.304108
 0.729971
 1.57648
 1.34202
 1.06984
 -0.930949
 -0.222279
 1.00615
 0.126551
 -0.110646
 -0.236173
 -0.225192
 -0.172656
 0.48611
 0.875816
 1.12079
 1.62445
 1.86681
 2.98646
 3.14399
 2.89726
 3.10921
 2.36145
 1.96368
 1.33481
 1.72262
 1.08647
 0.233217
 -0.937404
 -1.514
 -1.8458
 -0.985897
 -0.240586
 -0.0371263
 0.0491087
 -0.0903061
 0.643999
 1.5537
 1.59572
 2.19794
 1.51383
 0.526325
 0.501738
 0.676032
 0.17101
 0.347495
 -0.367775
 0.801722
 0.0898246
 -0.184099
 -0.0663816
 -0.403283
 0.298686
 -1.07293
 -0.695046
 0.18459
 1.54674
 1.87868
 1.32385
 1.20868
 1.17305
 0.045675
 -0.184348
 0.253935
 0.328718
 0.206258
 -0.650893
 -0.570946
 -0.508935
 -0.258458
 0.267678
 -0.581982
 -0.61605
 -0.589667
 -0.53
 -1.78608
 -1.18199
 -1.43727
 -0.467613
 0.261672
 0.873126
 0.482052
 1.36691
 1.40044
 1.14156
 -0.457079
 -1.56852
 -1.57674
 -0.931599
 -0.986283
 0.275267
 -0.612153
 -1.05836
 -0.449029
 -0.114906
 -1.09642
 -0.100443
 -0.487857
 0.217282
 -0.489518
 -0.243469
 0.541479
 0.862894
 0.702568
 0.396476
 -0.298811
 -0.813399
 -1.45359
 -1.9458
 -2.36581
 -1.87649
 -2.11784
 -1.75028
 -1.25258
 -0.635905
 -1.53998
 -1.25282
 -2.10256
 -1.58603
 -1.24553
 -0.353298
 -0.78892
 -0.766973
 -0.388506
 -1.42241
 -0.615589
 -0.711672
 -0.500484
 -0.428449
 -0.804257
 -2.08681
 -1.07136
 -0.756244
 -0.551796
 -0.426098
 -0.0262644
 0.534537
 0.396198
 -0.314131
 -1.22938
 -0.679661
 -0.631075
 0.162654
 0.538361
 -0.734702
 -0.767988
 0.115965
 0.0199487
 -0.551357
 0.913526
 0.489119
 -0.0231993
 -0.244194
 0.621299
 1.59158
 2.41106
 2.21196
 2.12822
 1.31811
 0.405747
 1.08901
 1.99749
 0.758378
 1.10949
 1.11697
 2.04639
 2.08098
 1.20822
 1.31018
 1.28532
 2.0303
 2.11753
 2.29087
 2.90585
 2.19159
 2.53331
 1.7965
 0.609937
 0.774171
 0.585738
 0.0294416
 0.473125
 0.534448
 0.610491
 1.46961
 1.08577
 1.2009
 1.44952
 0.350877
 -0.538153
 -0.636591
 -1.2401
 0.561401
 1.3817
 1.25143
 0.566297
 1.13755
 1.52964
 0.850097
 0.253904
 0.222182
 0.888035
 1.70485
 1.83706
 2.01253
 1.31447
 0.965028
 1.03843
 2.65664
 3.18569
 1.85917
 0.824127
 0.519851
 1.06707
 1.31738
 0.141953
 0.671161
 0.700816
 0.379257
 0.933031
 1.13639
 0.981958
 0.34603
 0.343362
 0.0626099
 0.556186
 -0.94324
 -0.369424
 0.313019
 1.05419
 0.815611
 1.41519
 0.34905
 0.563728
 0.281696
 1.33701
 1.19763
 -0.107264
 0.22962
 0.517863
 -0.201261
 -0.824163
 -0.302588
 0.531324
 0.944917
 0.869452
 0.729996
 1.01517
 1.87104
 1.51141
 0.784899
 -0.592816
 -0.966344
 -1.01078
 -1.26758
 -1.72522
 -2.07896
 -0.0800759
 0.066096
 0.815746
 1.34381
 2.06919
 1.35185
 0.683158
 -0.0261392
 -0.206876
 -1.27782
 -0.57232
 -0.148993
 -1.08959
 0.025719
 0.539669
 -0.050553
 -0.412784
 0.327407
 0.456332
 1.24606
 0.0994364
 -0.427085
 -0.407643
 -1.80221
 -0.739431
 -0.371557
 -0.491126
 0.0931731
 0.428485
 1.48044
 1.82325
 2.50195
 2.16669
 1.66505
 0.894638
 1.59084
 1.28576
 1.03131
 0.198402
 0.23195
 -0.304376
 -0.890063
 -0.230627
 1.39048
 0.778809
 1.31831
 0.392593
 0.457049
 0.731792
 -0.379825
 -0.995518
 -1.90615
 -2.25556
 -1.25321
 0.0708508
 0.0576514
 0.346287
 0.899308
 1.17286
 1.51353
 0.552964
 0.190793
 0.725784
 0.999111
 1.20159
 1.21724
 0.12962
 0.0087845
 -0.488666
 -0.693899
 -0.240788
 0.504151
 -0.0520461
 -1.14758
 -0.328406
 -0.100876
 -1.0628
 -1.46055
 -0.548733
 -1.33608
 -1.06031
 -1.28357
 -0.647524
 -0.129957
 0.220503
 -0.0866434
 1.10329
 0.533994
 -0.674372
 -1.07071
 -1.50054
 -0.958496
 -0.620801
 -0.503583
 0.0317203
 -0.530698
 0.816188
 1.08784
 0.997258
 1.73213
 0.764232
 -0.160826
 -0.0339934
 -0.0962507
 0.306702
 0.112871
 1.06173
 1.07426
 1.33015
 -0.241424
 -0.186617
 -0.140222
 -0.647187
 -1.2707
 -1.22472
 -1.53368
 -0.724243
 -0.973769
 -0.77282
 -1.50913
 -0.661029
 -0.216268
 -0.926843
 -1.65862
 -0.142295
 -0.331903
 -0.317999
 -0.10454
 -0.00746213
 -0.0861876
 0.973481
 0.761423
 0.893304
 0.646273
 1.85036
 1.24706
 1.77355
 1.40478
 1.21693
 1.65989
 1.61704
 0.473233
 -0.5679
 0.970287
 1.38308
 1.32801
 -0.00539778
 0.220399
 0.451559
 0.757241
 1.07185
 1.00749
 0.127977
 0.642233
 -0.196816
 -0.24194
 -0.207627
 -0.599736
 -0.982863
 0.815792
 -1.14099
 -0.976911
 -1.81068
 -1.84306
 -2.75426
 -2.3693
 -1.80361
 -0.46889
 -0.692862
 -0.256464
 0.0865254
 -0.227266
 0.49436
 0.746713
 0.114475
 0.104606
 0.369893
 1.95765
 1.87241
 1.59321
 0.921766
 0.723349
 0.490404
 -0.786747
 -0.885475
 -1.60978
 -1.84569
 -2.80292
 -2.38242
 -2.06096
 -1.65791
 -1.15807
 -1.2287
 -0.455622
 -0.254562
 -0.756623
 -1.17179
 -0.118597
 -0.409151
 0.314411
 0.387705
 0.0463701
 0.840799
 0.193667
 -0.422661
 -0.112175
 0.568831
 0.564825
 0.234603
 -0.220755
 0.766284
 -0.862757
 -0.196272
 0.37467
 0.767156
 -0.691633
 -2.01388
 -2.34884
 -1.4758
 -1.65821
 -1.88596
 -2.26972
 -1.79673
 -1.39606
 -1.49942
 -0.674317
 -1.03808
 -0.0712687
 -0.383014
 -0.118757
 0.126888
 0.616413
 1.05487
 0.390807
 -0.266081
 -0.183297
 0.0447265
 0.142749
 -0.592869
 0.429786
 0.872243
 1.34247
 1.28745
 1.04593
 0.482788
 -0.138726
 0.547619
 0.378242
 -0.749951
 -0.00310259
 0.565105
 -0.281756
 -0.0835653
 0.0160489
 -0.389532
 -0.499544
 -1.09872
 -0.563942
 -0.186706
 0.0779022
 0.345188
 1.27882
 -0.0300257
 -0.498515
 -0.0236902
 -1.59973
 -1.38588
 -1.57233
 -0.382605
 0.931317
 0.487709
 0.143148
 -0.165289
 0.442473
 -0.330838
 0.935258
 1.07261
 1.1723
 -0.243835
 0.567367
 0.294392
 0.592542
 0.00306585
 1.34161
 0.521159
 0.357527
 0.916958
 0.192853
 0.698542
 0.986689
 0.124037
 -0.0244801
 0.0615932
 -0.578337
 -1.06051
 0.345862
 -0.74214
 -0.790256
 -1.39889
 -1.60124
 -1.58251
 -1.88153
 -0.702661
 0.221223
 1.13894
 2.2548
 2.00818
 1.71818
 1.86903
 1.61625
 1.27505
 1.46768
 1.27656
 1.79422
 1.02686
 1.77788
 1.35755
 1.85434
 1.84035
 1.67061
 1.01882
 1.46836
 0.281933
 0.191812
 -0.474973
 0.289004
 0.892911
 0.590432
 -0.030734
 0.127678
 -1.68313
 -1.60497
 -2.20844
 -2.11282
 -1.75499
 -1.61712
 -1.83605
 -2.24411
 -1.50842
 -1.2347
 -0.957074
 -0.713733
 -0.939296
 -0.327911
 -1.23393
 -1.16328
 -1.77938
 -0.9792
 -0.674896
 -0.812729
 -0.0818174
 0.2556
 0.314752
 0.35331
 0.616907
 0.674477
 0.483229
 -0.692306
 -0.572179
 -0.00191582
 0.661717
 0.252047
 0.290084
 -0.153388
 -0.396723
 0.183194
 0.585561
 0.433803
 -0.236035
 0.0355872
 1.35919
 1.57666
 0.849822
 0.943532
 1.33182
 1.45454
 2.30622
 1.14908
 0.276411
 0.186195
 0.818919
 0.532305
 0.0684209
 -0.706695
 -0.798559
 -1.02659
 -2.20833
 -1.5951
 -1.43536
 -0.828712
 -0.320897
 -0.130958
 -0.512448
 -0.974139
 -0.826037
 -1.61404
 -1.873
 -0.639787
 -0.0659358
 0.628525
 0.131919
 -0.272877
 0.157653
 0.471153
 0.820908
 0.598198
 0.650256
 -0.2257
 -0.13643
 -0.41006
 -0.504957
 -0.411563
 -0.391588
 -1.04573
 -1.43402
 -1.04249
 -1.00471
 -1.62356
 -1.94182
 -2.04749
 -1.78735
 -1.6413
 -1.17741
 -0.956701
 -0.605487
 -1.1224
 -0.346715
 -0.916911
 -0.902309
 -1.406
 -1.16699
 -0.176819
 -1.31626
 -1.06644
 -0.768638
 0.243068
 1.5455
 0.776008
 1.05379
 0.641895
 0.654299
 -0.040478
 -0.420291
 -1.40366
 -0.752565
 0.223776
 0.755084
 0.165891
 -0.629236
 -0.80819
 0.00597283
 0.0393795
 -0.720664
 -1.07037
 -0.594961
 0.789131
 0.3976
 1.91654
 1.16047
 0.696667
 0.319848
 0.562033
 1.03903
 0.447581
 -0.399615
 0.273208
 0.509402
 -0.136918
 -0.258881
 -0.245385
 -1.37425
 -1.98611
 -0.832057
 -1.01373
 -1.25757
 -0.662917
 -1.26977
 -0.20352
 -0.561254
 -1.37228
 -1.39931
 -1.95123
 -1.56404
 -0.910749
 -0.774592
 -0.372424
 -0.370643
 -1.48364
 -1.16706
 -1.17001
 -0.797343
 -1.06355
 -1.54036
 -1.3192
 -0.790354
 -1.05708
 -1.99073
 -2.59588
 -1.45181
 -2.00156
 -1.27856
 -0.478113
 -0.478329
 0.27476
 0.0474789
 -1.01646
 -2.29173
 -1.03038
 -1.15309
 0.100724
 0.414448
 -0.150264
 -0.566698
 -0.517365
 -0.184774
 -1.04578
 -0.860863
 -2.18749
 -1.7294
 -1.06747
 0.153217
 0.064667
 0.651475
 0.128026
 0.420721
 0.63857
 -0.162644
 -1.02462
 -0.635946
 -0.661505
 -0.579083
 -0.131811
 0.423762
 -0.390377
 -0.301436
 0.0480959
 0.941551
 0.120968
 -0.21735
 -0.058887
 0.467087
 -0.175716
 -1.14372
 -1.14921
 -1.60069
 -1.03701
 -0.607552
 -0.00284085
 0.357323
 -0.628309
 -0.820814
 -0.603005
 -0.236491
 0.393369
 -0.776704
 0.0495029
 0.108655
 0.434869
 1.24352
 0.0066241
 0.17855
 0.566772
 0.0996086
 0.818802
 2.0151
 2.29642
 1.88762
 1.31729
 1.26378
 1.85085
 0.624096
 0.683695
 0.787136
 0.679386
 0.24057
 1.24687
 1.35993
 1.26396
 0.734199
 0.75551
 -0.181824
 0.28601
 -0.340741
 -0.686883
 0.95499
 1.23724
 0.213463
 1.10523
 1.40521
 1.87911
 2.0884
 1.86624
 2.55885
 2.89274
 0.595379
 1.64793
 1.09076
 -0.112685
 1.38967
 1.27335
 -0.0905039
 0.49677
 0.00493295
 -0.227873
 -2.01622
 -1.99605
 -1.3186
 -0.926555
 -0.788125
 0.64588
 0.762837
 0.674121
 1.4955
 1.39471
 0.811949
 -0.170473
 -0.0690908
 0.235613
 0.670251
 0.468397
 1.22588
 1.43535
 1.54825
 1.04141
 0.766999
 0.998515
 0.249398
 -0.120498
 0.433598
 0.361688
 0.876911
 0.617239
 0.207116
 1.1325
 0.904998
 0.368977
 0.266587
 0.700837
 -1.43787
 -1.12836
 -1.51666
 -1.16662
 -0.653327
 -1.65756
 -1.02917
 -1.45379
 -1.43173
 0.339052
 0.872331
 0.240505
 -0.741401
 -0.266772
 -0.539555
 -0.00718962
 0.49738
 -0.0546466
 -0.334183
 -0.153017
 -0.0363741
 -0.293568
 0.832094
 0.542858
 -0.19839
 -0.553737
 -0.0628897
 -0.408242
 -0.45587
 -0.119863
 -0.76499
 -0.435083
 -0.439791
 0.25999
 -0.0550187
 -0.261373
 -0.310124
 -1.34023
 0.470476
 0.0986086
 -0.486275
 -0.0143367
 -0.739114
 -1.29487
 0.207886
 -0.461166
 -0.177056
 0.705491
 0.352862
 1.08758
 0.806459
 -0.183093
 0.571137
 1.12191
 1.51421
 0.822995
 0.539115
 0.484503
 1.12451
 1.59515
 1.07862
 1.66751
 2.1904
 1.34968
 -0.232546
 -1.04222
 -0.82003
 -2.11092
 -2.4879
 -1.34262
 -0.89373
 -0.735451
 -1.56184
 -2.83771
 -3.19879
 -2.77359
 -3.04552
 -3.38761
 -3.20352
 -4.07304
 -4.34791
 -3.29785
 -1.93789
 -0.814491
 0.33509
 -0.365415
 -1.17942
 -1.75691
 -0.317256
 -0.441807
 0.158948
 0.27798
 0.920782
 0.167528
 -0.518289
 -0.306225
 -0.396857
 -0.352193
 -0.00792628
 -0.308819
 -0.451102
 -1.21508
 -0.755901
 -0.658033
 -0.630022
 -0.14841
 0.860832
 -0.0659526
 0.814427
 0.980995
 0.92089
 0.621516
 0.458731
 -0.184291
 0.837814
 1.83516
 1.42781
 0.763691
 1.75834
 2.42966
 0.830554
 1.10469
 -0.263906
 -0.596002
 -1.18622
 -0.964747
 -0.742614
 -0.0797819
 -0.304576
 -0.150784
 -1.08633
 -0.560008
 -0.517906
 -0.394169
 0.0249941
 0.75106
 0.15305
 -0.504348
 0.748761
 0.499959
 0.160953
 -0.0179419
 0.118145
 -0.756266
 -1.33445
 -1.79363
 -1.66875
 -1.35823
 -1.12512
 -1.47286
 -1.75425
 -1.42854
 -0.629738
 -0.696035
 -0.887798
 0.680176
 0.342521
 0.0168304
 1.22511
 1.73197
 1.73205
 1.97288
 1.85399
 1.73239
 1.04133
 0.664554
 0.995923
 -0.472327
 0.208533
 0.515107
 0.204695
 0.858362
 -0.288003
 0.853481
 0.652025
 -0.210357
 -0.576304
 0.705452
 -0.616113
 0.976123
 0.642928
 0.676414
 -0.44312
 0.504231
 0.516675
 0.0155099
 -0.761361
 -0.929419
 -0.877068
 0.0918914
 -0.0801826
 0.326132
 0.413135
 -0.312199
 -0.721467
 -0.15352
 -0.0548107
 -0.852421
 -1.10558
 -0.74593
 -0.543294
 0.362554
 0.0886275
 0.0436005
 0.204663
 0.708476
 0.182285
 0.336537
 0.211122
 1.59058
 0.330016
 0.0692048
 -0.0446194
 0.191505
 -0.819359
 -0.365328
 0.681311
 0.256346
 0.477157
 0.191152
 0.966573
 0.906911
 1.22636
 1.12303
 1.60546
 1.98066
 1.36301
 0.487551
 0.228477
 -0.442197
 -0.953498
 0.202257
 0.195383
 -0.43649
 -1.07449
 -0.855696
 -0.379369
 -0.635974
 0.0309122
 -1.35993
 -0.799008
 -1.48354
 -2.31285
 -2.31474
 -1.13898
 -0.502473
 0.344799
 -0.358021
 0.512836
 0.335653
 0.173745
 -0.421614
 -1.12905
 -0.288305
 -0.36321
 -0.569456
 0.156701
 0.774429
 0.370824
 -0.851035
 -1.01646
 -1.4562
 -0.790621
 -1.22885
 -0.856242
 -1.54252
 0.26491
 0.612396
 0.415226
 -0.0696183
 -0.397581
 -0.0272114
 0.33814
 0.91865
 -0.364048
 -1.48227
 -1.72125
 -1.98116
 -0.895681
 -0.0427356
 -0.369512
 0.237839
 -0.0505644
 0.351609
 -0.455184
 -1.10249
 -1.79741
 -2.01396
 -1.65264
 -1.03029
 0.392853
 0.529626
 1.01227
 1.67589
 0.192433
 0.745816
 0.509395
 0.032231
 -0.710547
 0.0677544
 0.0564216
 0.456444
 0.249618
 1.09895
 0.899854
 0.798426
 0.367673
 -0.44971
 -0.425066
 -0.686688
 0.115947
 0.0504635
 0.0500825
 0.0398009
 0.563137
 -0.660249
 0.241659
 0.587775
 -0.224503
 0.0483043
 1.08747
 0.133779
 0.162819
 -1.56415
 -0.721123
 -0.442822
 0.305172
 0.743426
 0.411686
 0.515656
 0.402762
 -0.242915
 0.0449345
 -0.254005
 -0.0790086
 0.554253
 0.502574
 -0.20366
 0.944842
 0.949195
 0.881031
 1.81354
 0.873576
 1.42401
 1.71892
 0.370524
 0.324692
 0.209874
 1.08157
 0.214661
 0.427677
 0.208417
 0.886966
 0.89456
 1.76924
 1.21948
 1.16159
 1.34084
 0.997828
 0.372633
 0.280404
 0.209846
 -0.544727
 -0.438697
 -0.264521
 0.770071
 1.13173
 0.0621056
 -0.948366
 -0.606183
 0.37031
 0.201338
 0.219245
 -0.314385
 -0.573286
 -0.884892
 -0.878339
 0.0862559
 0.316454
 -0.355048
 -0.161114
 0.45432
 2.26478
 2.34033
 0.908351
 0.00513917
 -0.515999
 -0.172926
 -0.146956
 0.385999
 0.575927
 0.520556
 0.263015
 1.12745
 0.538846
 -0.202112
 0.244855
 0.430587
 0.721404
 0.853325
 1.07558
 0.300582
 0.353381
 1.42162
 2.44788
 1.98851
 0.354642
 0.751907
 0.0166369
 0.152766
 -0.220014
 0.766772
 0.728745
 0.522012
 -0.561229
 -0.808587
 -1.07454
 -1.09054
 -0.822164
 -1.0814
 -1.52539
 -1.90843
 -1.6387
 -2.44269
 -2.39663
 -2.70253
 -1.68638
 -0.487492
 -0.512285
 0.152652
 0.696414
 0.743895
 0.306137
 -0.140087
 1.01082
 1.50976
 0.904041
 0.78476
 1.68388
 2.69722
 2.18283
 0.961461
 -0.180707
 -0.0053579
 0.241361
 -0.161663
 0.654792
 0.686511
 -0.377112
 0.0553157
 0.913629
 -0.496593
 1.03471
 0.482298
 1.1983
 1.00529
 0.326932
 -0.0946275
 -0.833183
 -0.0799654
 -0.528574
 0.343817
 0.437224
 1.74063
 2.0203
 1.30226
 1.51435
 0.571786
 0.00549635
 -0.225744
 0.587395
 1.31716
 0.361626
 0.385978
 -0.570063
 -0.852711
 -1.19052
 -0.295379
 -0.848785
 0.961458
 0.0306852
 -0.891074
 -1.52068
 -1.57049
 -1.163
 -1.2721
 -0.550191
 -0.375973
 0.306183
 1.34433
 0.609735
 0.53527
 0.171552
 -0.340493
 0.649248
 1.36863
 0.953307
 1.63781
 2.26671
 2.01811
 1.58474
 1.39646
 0.760242
 1.18339
 0.966091
 0.772207
 1.68857
 0.769188
 1.6646
 2.43608
 1.34556
 1.08374
 1.46167
 0.547595
 -0.731833
 -0.301147
 -0.462416
 0.559543
 0.47912
 0.521629
 0.409191
 -0.108108
 -0.146145
 0.555619
 0.456102
 -0.24762
 -0.771954
 -1.27588
 -1.39735
 -1.79316
 -1.51528
 -1.01172
 -2.17291
 -1.70374
 -0.973792
 0.224351
 1.29712
 0.93283
 0.822714
 0.228819
 -0.0480231
 -0.88794
 -0.499787
 -1.63092
 -0.912238
 -2.24469
 -1.92397
 -1.5012
 -2.43102
 -0.881277
 -0.455537
 -0.962342
 -0.914466
 -0.357714
 -0.716603
 0.157039
 -0.0545572
 0.344436
 -0.465572
 -0.123756
 -1.08335
 -0.850578
 -0.161752
 -0.292735
 0.391135
 1.95335
 2.04465
 0.152685
 -0.1175
 -0.919394
 0.503769
 0.172436
 0.718537
 0.678447
 0.58167
 1.2917
 1.17241
 1.42857
 1.63124
 1.19527
 0.668549
 0.660692
 0.00444752
 0.112043
 0.16896
 0.100181
 -0.0158994
 0.465747
 0.0309208
 -0.381531
 0.554636
 1.29986
 0.333751
 0.770873
 -0.0398223
 0.195237
 -0.1313
 -0.347153
 -0.698393
 -0.486547
 -0.727956
 -0.825592
 -0.863377
 -1.11158
 -1.78944
 -1.1516
 -0.97748
 -0.205356
 0.00746185
 0.0296493
 0.299977
 0.758447
 0.403712
 -0.486859
 -1.65285
 -0.663322
 -1.04247
 -1.5533
 -2.31243
 -1.90969
 -1.62279
 -2.67095
 -3.182
 -2.52367
 -2.85525
 -2.71503
 -1.3825
 -0.833779
 0.170615
 0.617186
 0.699487
 1.64669
 1.02925
 0.839289
 1.44349
 1.86311
 0.701684
 0.53375
 0.715299
 0.281799
 0.437526
 1.41188
 1.37201
 0.52346
 0.206518
 1.00185
 0.843638
 -0.690515
 -0.126868
 -1.35981
 -0.389194
 -1.27801
 -0.297816
 -0.695884
 -0.922045
 -0.68202
 -0.188548
 0.111156
 0.993102
 0.23682
 0.104265
 1.10959
 1.4578
 0.762886
 0.4347
 0.402563
 0.574707
 0.755293
 -0.227533
 -0.43427
 -1.08577
 -0.723029
 0.0319635
 -0.528725
 0.268016
 -0.0948661
 0.895501
 0.0102825
 0.549714
 1.60879
 2.28205
 1.51316
 0.641048
 -0.222936
 -0.485376
 -0.654981
 0.697801
 0.351722
 0.421267
 1.47112
 0.127924
 -0.77301
 -1.32059
 -0.447538
 -0.0913176
 0.00982575
 -1.02281
 0.371945
 0.32773
 -0.925395
 0.288592
 0.180347
 -0.0163386
 -0.815256
 -0.416279
 -0.652884
 0.0382041
 -0.225603
 0.984074
 0.490546
 0.585054
 -0.0678456
 0.184894
 -0.0633362
 0.822511
 1.3706
 1.92376
 2.28614
 2.32985
 3.0933
 2.51393
 1.41599
 -0.155704
 1.16331
 -0.098909
 -1.1597
 -0.509766
 -0.319021
 -0.513236
 -1.74653
 -1.35356
 -0.773138
 -0.634486
 -0.651697
 -0.866307
 -0.967328
 -0.929873
 -0.402584
 -0.363584
 -1.61984
 -1.74075
 -1.38789
 -1.27076
 -0.112051
 0.0620849
 1.26531
 0.727384
 0.575484
 0.596216
 0.810982
 -0.103496
 0.440036
 0.193925
 -0.335875
 -0.830496
 -1.44188
 -1.00739
 -1.08942
 -1.80387
 0.123213
 0.545695
 0.481156
 -1.02371
 -0.0536697
 -0.970635
 0.050973
 -0.442799
 -0.739225
 -0.854817
 -1.43637
 -1.42223
 -1.66748
 -1.5088
 -1.5309
 -1.07547
 -0.641962
 -0.414381
 0.2533
 -0.292385
 0.844652
 1.15611
 1.14867
 1.07825
 -0.3069
 0.0223967
 -0.920488
 -1.32812
 0.303249
 -0.104566
 -0.834574
 -1.91484
 -0.89824
 -1.74046
 -1.43199
 -2.1859
 -1.78064
 -0.979996
 0.422398
 0.244013
 -0.343375
 0.77011
 0.671528
 1.35601
 0.673622
 -0.710322
 -0.308769
 -0.32041
 0.235009
 1.67611
 1.57732
 0.880347
 -0.211569
 0.0969951
 0.547805
 0.927357
 0.219517
 0.312255
 1.41778
 0.817482
 -0.275618
 0.25515
 -0.613066
 -0.940346
 0.363791
 0.756741
 1.7593
 2.12765
 1.43332
 1.50367
 -0.182416
 -0.36451
 0.460287
 -0.0855262
 -0.209442
 -0.497602
 0.538795
 1.40189
 1.29487
 1.21259
 0.601303
 0.276104
 -0.631594
 -0.0161997
 0.223898
 1.02905
 1.49398
 0.541287
 0.876136
 0.545297
 -0.0681458
 0.31895
 0.198856
 -0.0637751
 0.654292
 0.699302
 0.798597
 0.72042
 -0.0104155
 0.273873
 -0.246012
 0.569999
 1.36289
 1.1036
 -0.0769796
 -1.15837
 -0.762945
 -0.261321
 0.151804
 0.455638
 -0.595641
 -0.915542
 -0.522697
 0.181635
 0.356532
 0.812089
 0.414949
 -0.165175
 -0.857035
 0.175262
 -0.663363
 -1.04704
 -1.12721
 -0.0232177
 -0.176897
 -0.500411
 0.0903914
 0.164385
 0.0120321
 0.306483
 0.0664059
 0.00505481
 1.15398
 1.05217
 0.162414
 0.534257
 0.133362
 0.480002
 -0.213226
 -0.552977
 -0.491104
 -1.39119
 -0.572851
 0.645979
 0.809127
 1.49952
 2.02165
 2.28521
 1.30963
 0.744291
 1.2965
 1.25104
 1.41909
 1.71006
 0.558791
 0.337071
 0.448786
 -0.290224
 -0.17929
 0.662959
 1.17235
 0.799021
 0.702496
 1.04813
 0.34241
 1.03972
 1.66013
 1.94342
 2.71651
 1.70779
 1.75937
 1.82738
 0.967693
 1.32442
 1.23203
 0.500373
 1.24875
 1.35859
 1.19203
 0.464131
 -0.0165417
 -0.216495
 -0.169208
 -0.355413
 -0.749161
 -0.398663
 0.413822
 -0.479408
 -0.0914552
 -0.545663
 -0.746754
 -0.777987
 -0.873776
 -1.04007
 0.93812
 1.07402
 1.58122
 1.40007
 0.857032
 0.803606
 0.708546
 0.897488
 0.587404
 -0.62729
 -0.491603
 0.406803
 -0.206554
 -1.07883
 -0.735694
 -1.12699
 -1.57078
 -1.23293
 0.510733
 1.29336
 2.15716
 2.26077
 0.60614
 0.578063
 0.685597
 1.82032
 1.479
 1.16421
 0.476604
 0.170717
 0.731253
 1.46123
 0.831303
 0.331278
 0.0847324
 -0.316787
 0.292127
 0.321337
 -0.144817
 -0.506721
 -0.824393
 -0.00318771
 -0.512954
 -0.427336
 -0.447141
 -1.01967
 -1.93726
 -1.64133
 -2.28216
 -0.621052
 0.490835
 0.744507
 0.691466
 1.33431
 1.27625
 0.611079
 -0.27467
 0.441169
 0.394466
 0.305636
 0.641927
 -0.304015
 0.461458
 0.848425
 0.987961
 1.06041
 1.44084
 0.69485
 1.38641
 0.544555
 1.08156
 -0.197981
 0.0564406
 0.817581
 1.88848
 1.91632
 1.33077
 0.604491
 0.214076
 0.401498
 -0.0319316
 0.905026
 0.661751
 0.583153
 1.58134
 1.84656
 1.98694
 0.327734
 -0.233481
 -1.26843
 -0.279845
 -0.691514
 -0.188735
 0.464665
 1.31666
 1.43978
 0.476777
 0.117302
 0.591113
 0.00895173
 0.194511
 0.31441
 -1.00541
 -1.04105
 -1.8042
 -1.59989
 -2.39298
 -2.49259
 -2.20191
 -1.25114
 -1.42188
 -0.778671
 0.078328
 0.42761
 0.839298
 0.378261
 1.1345
 0.51565
 -0.488269
 -0.312246
 -0.212119
 -0.10827
 0.430145
 -0.673294
 -0.32798
 -1.19285
 -1.73674
 -0.674769
 -0.590595
 -0.760421
 -0.947449
 -0.536538
 0.153013
 0.37967
 -0.150412
 -0.448154
 -0.550909
 -0.25185
 -0.123772
 -0.223432
 -0.864041
 -0.626516
 -0.947016
 0.393546
 1.74047
 0.472266
 0.651259
 1.53949
 2.94358
 1.36012
 0.592924
 -0.912557
 -1.89565
 -1.37737
 -0.83354
 -0.350273
 0.0709653
 -0.0912892
 -0.264538
 0.463499
 1.19033
 2.09559
 1.95597
 1.91215
 1.59433
 1.59912
 1.37599
 0.993101
 0.795859
 -0.313244
 0.451482
 0.0659991
 0.402881
 -0.337915
 -0.0474702
 0.820389
 0.539644
 0.732315
 0.412038
 0.0785153
 -0.304129
 -0.116228
 -1.56811
 -1.74316
 -2.41915
 -1.11699
 -0.0833435
 -0.0460224
 -0.523501
 0.513834
 -0.74956
 -1.1111
 -1.60467
 -0.995375
 -1.13522
 -0.799387
 -0.839483
 -0.905633
 -1.07345
 -1.35623
 -0.463973
 0.526486
 0.403561
 0.0612993
 0.280682
 -0.536202
 0.177038
 0.734261
 1.27178
 1.72487
 2.24397
 2.62187
 1.67789
 1.75141
 2.61433
 1.78934
 0.243191
 -0.251918
 0.0678129
 0.684999
 0.116172
 0.528476
 -0.231433
 -0.127153
 0.555563
 1.84256
 0.834724
 0.476277
 1.33135
 1.22447
 1.32616
 0.380226
 0.360798
 1.02457
 0.430294
 0.772829
 0.695998
 0.543715
 0.99556
 -0.39722
 0.645637
 -0.664193
 0.247941
 0.632825
 0.725651
 0.227713
 0.471374
 -0.137749
 -0.481193
 -0.400362
 0.100308
 -0.862869
 -0.495052
 -0.181093
 -0.813281
 -1.98369
 -1.39391
 -1.71416
 -2.23266
 -2.1338
 -1.06302
 -1.27345
 -1.46204
 -1.72414
 -1.22014
 -0.910827
 -2.4889
 -1.35511
 -1.07292
 -1.35557
 -0.727757
 -0.678202
 -0.752773
 -0.435708
 -0.880472
 -0.258584
 -0.0124801
 -0.692433
 -0.948863
 -1.0302
 -1.58801
 -1.9725
 -1.02184
 -2.02859
 -0.711832
 -0.0418857
 0.374274
 1.11345
 1.06242
 0.105573
 1.11407
 -0.00621529
 0.25998
 0.109057
 0.736211
 1.02544
 0.3416
 0.86653
 0.414274
 0.725898
 0.31552
 -0.222039
 0.234959
 -0.138085
 -1.9208
 -2.73764
 -2.92763
 -1.95375
 -1.30522
 -1.20493
 -0.851281
 -0.131803
 -0.890058
 -1.12402
 -0.768878
 -0.490875
 -1.39079
 -1.68028
 -1.42845
 -1.29884
 -0.429986
 -0.920266
 -0.7278
 -0.683126
 -1.33018
 -1.1972
 -1.36122
 -0.430175
 -0.545342
 0.0252556
 -0.99993
 0.205616
 0.448326
 1.07122
 0.982207
 0.255601
 0.740951
 1.68302
 0.977457
 0.411988
 0.764163
 1.44173
 1.31614
 1.37816
 1.09359
 -0.0321231
 0.542234
 0.211894
 0.730093
 0.828947
 0.517815
 0.2955
 0.647349
 -0.748946
 0.455494
 0.578187
 1.32254
 0.338279
 1.55629
 0.955295
 0.0748994
 -0.107116
 -0.271003
 -0.946997
 -0.521939
 -0.35981
 -0.292805
 -0.866965
 -0.650267
 0.349308
 -0.0935878
 0.268323
 -0.605895
 -1.6993
 -0.924568
 -1.21775
 -0.637354
 -0.94464
 -0.966329
 -0.422535
 -0.377168
 0.383515
 0.600159
 -0.0791064
 0.222053
 0.562422
 -0.336492
 -0.469082
 0.212572
 0.667125
 0.190647
 0.914027
 0.661355
 0.960157
 0.688837
 0.108916
 0.0927389
 -0.63527
 -0.0759657
 0.149845
 -0.703012
 -0.428316
 0.380398
 0.205196
 -0.573558
 -1.07685
 -0.336324
 -0.176871
 -0.346991
 -0.187237
 -0.27121
 -0.722028
 -0.346561
 0.323462
 0.196211
 0.44215
 0.589019
 1.21082
 2.03258
 1.99179
 1.81507
 1.95757
 1.76987
 1.32254
 1.88954
 1.64887
 -0.20884
 -0.188111
 0.626514
 -0.0297028
 0.0253036
 0.178523
 0.0188365
 0.350537
 0.173641
 1.22761
 1.05031
 0.851689
 0.554336
 -0.0712398
 0.801393
 -0.145503
 0.452886
 0.110546
 -0.314466
 -0.814212
 -0.673459
 -1.3377
 -0.937612
 -0.752035
 -0.365783
 0.393428
 -0.410817
 -0.660066
 -0.966873
 -0.329791
 0.292371
 -0.0345392
 0.538211
 -0.195005
 0.393112
 -0.256625
 0.673242
 0.561108
 -0.224617
 -0.938272
 -1.19027
 0.0598504
 0.0277342
 0.898919
 0.506134
 -0.379568
 -0.10687
 -0.770937
 -1.14435
 -1.73909
 -1.62752
 -1.47833
 -1.18922
 -1.01557
 -1.87004
 -1.28013
 -1.01921
 -1.08826
 -0.0320025
 -0.0580475
 -0.570639
 -0.370916
 0.97662
 1.66957
 2.13009
 0.775247
 1.08342
 1.53137
 0.919965
 1.06907
 0.190668
 0.321519
 0.984631
 1.22765
 1.96658
 1.34494
 1.4084
 -0.197144
 -0.932566
 0.0521493
 1.42984
 1.26797
 0.12765
 0.521505
 0.538469
 0.675364
 0.392003
 -0.813221
 -0.714209
 -0.274
 -0.511776
 -0.00879249
 0.255156
 0.306923
 -0.260535
 0.0106595
 0.314859
 0.27034
 -0.305784
 -1.43344
 -0.958064
 -0.0799672
 0.687703
 0.372012
 0.182005
 -0.00493038
 0.656305
 0.91857
 1.18524
 0.131837
 -0.209346
 -0.498258
 -0.805661
 -0.580249
 -0.253183
 -0.65734
 0.11207
 -0.232354
 1.1973
 3.13518
 3.41474
 3.5644
 3.4995
 1.9964
 1.76345
 0.482227
 -0.210984
 -0.373328
 -0.66292
 0.185939
 0.238277
 0.50013
 1.26662
 0.386105
 1.56057
 0.0500803
 -1.30842
 -0.45287
 0.00711992
 -0.696768
 -0.885428
 0.377496
 0.33063
 -0.227474
 0.238343
 0.427054
 1.05766
 0.960728
 0.604724
 0.502314
 0.640269
 0.0651732
 -0.932945
 -1.03067
 -0.992449
 -1.2919
 -1.40911
 -1.0919
 -1.40775
 -0.867713
 -0.410487
 -0.484213
 -0.472941
 -0.19487
 0.16963
 -0.46657
 -0.428022
 0.327596
 -0.120083
 0.844767
 0.12931
 0.179313
 -0.368799
 0.00266388
 -0.323414
 -0.380744
 -0.62749
 -0.932622
 -0.524874
 0.863098
 0.375076
 -0.697412
 -0.746415
 0.276329
 -0.390222
 0.473181
 0.220905
 0.827033
 0.699335
 0.451958
 0.601867
 -0.761287
 -0.79291
 0.101825
 -0.226628
 -0.248221
 0.124243
 -0.837607
 -0.456082
 -1.33421
 -1.57808
 -1.55428
 -2.38997
 -1.08652
 0.0524241
 -0.125672
 0.20073
 0.878213
 0.668429
 1.28998
 0.877483
 0.596148
 1.1006
 1.00301
 1.4249
 -0.109779
 0.651463
 0.030147
 0.346073
 1.20614
 1.54884
 1.8898
 1.58144
 0.656882
 -0.904129
 -0.479427
 -0.0476323
 0.557675
 0.59554
 0.21939
 0.100025
 -1.12911
 -2.2672
 -2.64939
 -1.65513
 -1.2213
 -0.796198
 -1.37057
 -1.0012
 -0.851447
 -0.924873
 -1.088
 -0.151558
 0.0294979
 0.710066
 1.24246
 0.113768
 1.11427
 0.687158
 1.03423
 1.32656
 1.75982
 1.18703
 0.885098
 0.645036
 1.19277
 1.85019
 0.682459
 1.60296
 1.24526
 0.464355
 0.156598
 0.703665
 0.382747
 -0.797345
 0.215694
 0.182078
 0.330547
 0.30382
 -0.509984
 -1.75022
 -0.355521
 1.03544
 0.733983
 0.230126
 -1.1015
 -1.20281
 -0.791033
 -0.197822
 -0.5729
 -1.49373
 -0.63288
 -0.60252
 -1.01682
 0.248382
 -0.731879
 -0.868617
 -0.940542
 -1.11046
 -0.702031
 -2.8019
 -2.50782
 -0.572935
 -0.418944
 0.298951
 0.582956
 0.794845
 0.913835
 0.648701
 -0.221337
 -0.650233
 -0.511983
 -0.956631
 -1.22069
 -1.48143
 -0.772559
 -1.21568
 -1.0982
 -0.0264684
 -0.409351
 -0.460153
 -0.811957
 -0.576062
 -1.28644
 -0.990579
 -0.99274
 -0.641303
 -1.31454
 -1.17148
 -1.26365
 -1.94013
 -1.39965
 -0.70844
 0.471164
 0.259113
 -0.887469
 -0.849204
 -0.64001
 -0.69949
 -0.304111
 0.247174
 -0.344248
 -0.207069
 -0.56197
 0.181544
 0.591989
 -0.0249141
 0.826783
 0.739962
 0.804168
 0.107237
 -0.346762
 -0.681506
 -0.259724
 -0.331031
 0.0468783
 1.75138
 1.34551
 1.54179
 1.80236
 1.35653
 0.734557
 -0.143149
 -0.132016
 -0.449534
 0.0348595
 0.397179
 0.479022
 0.135015
 -0.0593207
 -0.345851
 -0.621837
 -0.536451
 -0.705294
 -1.42512
 -0.88727
 -0.446615
 -0.579394
 0.692489
 -0.305103
 -0.343282
 0.205039
 -0.237977
 -0.138272
 -0.22423
 -0.52432
 -0.544884
 -0.43254
 -0.596422
 -0.370524
 -0.424627
 0.0956868
 -0.00212643
 1.11067
 1.49528
 0.891913
 1.26658
 -0.646418
 -0.256656
 -1.37302
 -2.05162
 -1.80914
 -2.03213
 -1.51373
 -1.00384
 -1.2819
 -1.28792
 -0.238407
 -0.983984
 -1.50531
 -1.45395
 -0.800212
 -0.309847
 -0.766504
 -0.676207
 0.42706
 0.662022
 0.155805
 0.0812514
 -1.07448
 -0.413857
 0.181608
 0.327992
 -0.27189
 0.190161
 0.128334
 0.12677
 1.39742
 1.39206
 1.82655
 1.69163
 1.42308
 0.365057
 0.428135
 0.668291
 0.23977
 1.51215
 1.33527
 0.632388
 -0.208395
 0.0472305
 0.177941
 0.494576
 0.389386
 1.09688
 0.5894
 0.54978
 0.0763796
 1.11897
 0.723459
 -0.373451
 -1.06654
 -1.00163
 -1.34103
 -0.565773
 -0.535823
 0.723855
 0.209162
 -0.305683
 -0.113069
 1.29923
 1.28584
 0.775018
 0.601845
 -0.593059
 -0.100329
 -0.831594
 0.137808
 0.468062
 0.627612
 0.53875
 1.02781
 1.04668
 0.540307
 0.261634
 0.123172
 -0.441472
 0.906902
 0.447211
 0.333086
 0.0595606
 -0.749893
 -1.14822
 -0.400098
 0.295028
 -0.854875
 -0.813853
 -0.429726
 -0.066564
 0.404242
 0.255589
 -0.213524
 -0.345495
 -0.221581
 0.448326
 -0.279776
 -0.706522
 0.290871
 0.606752
 1.07493
 1.37923
 1.46771
 1.28877
 1.26905
 1.40539
 1.2002
 1.49355
 1.35962
 1.81696
 1.83928
 2.42722
 2.08749
 1.71998
 1.08846
 0.292645
 -0.977074
 -0.735501
 -0.827451
 -0.578413
 0.7377
 0.150005
 -1.16996
 0.173371
 0.634294
 1.23979
 1.01028
 0.450084
 0.88542
 0.173768
 0.299817
 0.758753
 0.00102813
 0.526112
 -0.149455
 -0.719508
 0.0131057
 -0.0930094
 0.0729474
 0.762444
 0.874363
 -0.0809577
 0.759083
 0.395335
 -0.194758
 -0.600386
 -0.739076
 -0.0789363
 0.512458
 0.739372
 1.30945
 0.293136
 -0.709149
 -1.58369
 -0.809201
 -2.05329
 -1.03847
 -0.959104
 -1.67295
 -1.0729
 -0.302843
 -0.76779
 -1.35115
 -1.21062
 -1.11068
 -0.921143
 -1.537
 -0.397967
 0.151706
 0.262737
 -0.212529
 -0.383178
 -1.23505
 -1.44452
 0.374156
 1.35709
 0.932346
 0.164549
 0.0673934
 0.685621
 0.524985
 0.339239
 0.60938
 -0.594006
 -1.16664
 0.540152
 1.92368
 2.57557
 0.992884
 -0.0167083
 0.413873
 0.243879
 -0.00243549
 1.17083
 1.04347
 0.00392744
 0.349445
 -0.292264
 0.222827
 0.351233
 0.458243
 1.39101
 0.231506
 -0.222091
 -0.378166
 -0.249679
 -0.843405
 -0.976781
 -0.536729
 -0.316042
 0.644358
 0.32338
 1.57905
 1.27418
 1.33767
 1.37944
 0.957732
 1.28753
 0.485226
 1.53962
 0.386394
 -0.00637223
 1.14292
 -0.263825
 0.301646
 -1.15474
 -0.604319
 0.0348355
 0.26399
 0.709649
 0.624073
 0.463457
 0.505141
 0.412272
 1.14543
 0.842174
 0.855078
 0.821428
 0.133518
 -0.385408
