 0.824154
 -0.535403
 1.70119
 0.162855
 -1.3921
 -1.07012
 -0.95447
 -0.514435
 -0.278159
 -0.988109
 0.126548
 0.492182
 0.657681
 0.706186
 -0.0145233
 -0.935306
 -0.732213
 -0.166444
 -0.736563
 1.81102
 -1.0515
 0.466436
 0.931183
 -1.28294
 1.90216
 0.41938
 0.692257
 -0.150472
 -1.0591
 -1.27177
 0.124086
 -0.853114
 0.988918
 0.206542
 -0.566957
 -0.137887
 0.313996
 -0.907226
 1.57529
 -0.414052
 -0.961168
 1.22291
 0.0875124
 -0.730589
 -0.212331
 0.55623
 -0.935449
 -1.22174
 -0.351862
 -0.606738
 0.591973
 0.193434
 1.09326
 -0.424932
 -0.0277649
 0.200627
 0.186965
 2.22684
 -1.71634
 -0.48071
 0.485788
 -0.155811
 1.02412
 0.575949
 -0.427526
 1.5206
 0.579163
 -0.0782764
 -0.68573
 -0.661058
 0.160169
 -1.94942
 -1.28168
 -0.272248
 -0.540589
 -0.801356
 -1.60855
 0.501966
 -1.48564
 -0.712458
 1.39764
 -1.24244
 1.19995
 -0.24165
 -0.606282
 0.64318
 0.63244
 -0.401717
 1.96956
 -0.790974
 1.64561
 -0.388402
 0.486888
 -1.90295
 1.14245
 -0.575807
 -1.53841
 0.651799
 0.754901
 0.293772
 0.0647906
 0.49658
 0.272143
 0.342966
 -0.0716425
 -0.358098
 -0.5141
 0.494839
 0.735901
 -0.547023
 -0.579208
 -0.76357
 0.742707
 0.300712
 -0.805193
 2.15842
 -1.48836
 0.777329
 0.422108
 -0.488333
 1.66609
 -0.565273
 -0.132288
 3.13682
 -0.814935
 0.363975
 -0.880894
 -1.61229
 -1.71849
 0.789755
 -0.0458623
 0.544808
 -0.202894
 -0.00355976
 0.678997
 0.311803
 0.125257
 0.551125
 -0.234655
 -0.447674
 0.496778
 -0.0184173
 -0.379742
 0.53
 0.0771809
 0.43148
 0.861267
 -0.334968
 1.20979
 0.793825
 1.62286
 -0.075403
 0.761453
 1.25255
 0.42858
 0.134251
 0.398304
 -0.957808
 0.470121
 -1.17036
 0.408515
 -0.819859
 -0.366703
 0.13418
 0.637151
 1.10532
 -0.377126
 -0.778832
 0.602554
 0.245855
 1.91858
 -0.871564
 2.25713
 0.96941
 0.944053
 -0.0136962
 0.0436509
 -0.136806
 -0.095112
 0.128007
 -0.302487
 -0.551784
 0.0397824
 0.128551
 -2.87337
 2.1515
 -1.26694
 -0.643936
 -1.24423
 -0.0520105
 -0.561054
 0.174301
 -1.28401
 -0.865621
 -0.921584
 1.42736
 0.313455
 -1.5736
 1.39893
 -0.119877
 -0.464164
 1.78453
 0.830608
 1.13534
 1.32065
 0.0140523
 0.684632
 -0.0418915
 -0.897077
 0.639809
 -0.910228
 -0.0862062
 0.0624229
 -1.78735
 0.5653
 -2.37992
 -0.300502
 -0.608181
 -0.892053
 -0.123996
 -0.962492
 0.251764
 -1.4619
 0.763146
 0.466409
 -0.809301
 -0.0172505
 -0.363246
 -1.2752
 -1.19639
 0.354465
 -0.269973
 -1.54644
 -0.805671
 -0.414141
 -0.409606
 0.624759
 0.836039
 0.0716782
 -1.1874
 0.181861
 0.414277
 -0.329733
 2.61011
 -0.494581
 -0.0742379
 0.421188
 -0.421927
 -1.03647
 -0.136361
 -0.349619
 -0.56148
 0.402892
 0.722264
 -2.29007
 -0.932585
 -0.814101
 -0.668128
 -1.0075
 0.158251
 0.0393077
 0.582268
 -0.63966
 -0.755477
 -0.0719491
 -0.0344363
 -0.223321
 -1.41115
 -0.561307
 -2.05337
 1.3658
 -1.00949
 1.81477
 0.461658
 0.180337
 1.25952
 1.22852
 0.184594
 0.577005
 1.44712
 0.256055
 -0.0759619
 0.401534
 0.429002
 0.146115
 -0.0894706
 0.775045
 0.837501
 -0.398349
 -1.24128
 -0.821558
 0.00444085
 -1.61463
 -2.13749
 -0.667106
 0.976988
 -2.9486
 -0.216135
 -1.34786
 -1.0583
 0.413841
 0.427408
 -1.24924
 0.606005
 0.0534318
 1.01335
 1.37897
 0.395727
 -0.433935
 -0.38968
 -1.16936
 -0.158207
 0.309096
 -1.69779
 0.373437
 -1.96948
 0.528368
 -0.77939
 1.71105
 -1.50877
 0.235492
 -1.20714
 -0.444728
 0.524048
 -0.0249169
 1.10498
 1.03856
 1.30438
 1.10003
 -0.0165801
 0.484845
 1.85277
 -1.05669
 0.467983
 -1.44751
 1.45629
 -0.893336
 1.92435
 -0.223104
 -0.110837
 -0.228563
 1.1057
 -0.12133
 0.639681
 -0.919797
 0.372755
 0.225832
 1.01301
 -0.271121
 -1.95421
 1.3521
 -2.46224
 1.01694
 -0.925646
 2.11842
 -0.522527
 -0.0775243
 -0.869999
 -2.59644
 -0.445518
 -0.92873
 -1.38158
 -0.210536
 -0.570794
 -0.0603796
 -1.20147
 -0.151986
 1.26452
 -1.40075
 0.749556
 -0.751025
 0.807522
 0.585635
 -0.59583
 -0.453595
 -0.27932
 0.90592
 -0.309779
 0.430028
 -1.78081
 0.622559
 -0.877111
 0.241715
 0.140041
 -0.382796
 1.72215
 -0.470653
 -0.699377
 1.40878
 -1.01172
 0.0891337
 -0.138121
 0.236192
 -1.22607
 0.198143
 -0.989416
 0.906265
 -1.95448
 -0.117955
 0.510124
 -0.233278
 -1.14268
 0.716237
 -0.370526
 -1.40536
 -0.527013
 -1.25038
 -0.229094
 -0.400879
 0.133027
 0.445563
 -0.624276
 -1.55559
 0.645495
 -0.161324
 -0.935963
 -1.36614
 -1.34068
 -1.76507
 0.454882
 -2.11339
 0.883444
 -0.806664
 1.82961
 -0.707631
 -0.398022
 1.49465
 -1.55004
 0.871349
 -0.360248
 -0.346807
 0.761089
 1.43427
 -1.06214
 0.57024
 -0.689225
 0.878138
 -0.391627
 0.174288
 -0.801329
 -1.19887
 -1.9949
 -1.16761
 0.379142
 -1.19582
 0.447069
 0.140928
 -0.229928
 0.176504
 1.28586
 -0.181807
 -0.341938
 0.530096
 -0.124751
 0.693392
 -0.184385
 1.50559
 0.257425
 0.994646
 -0.846535
 -0.748813
 0.357558
 0.170089
 0.731785
 0.85168
 0.0327093
 1.25488
 0.557437
 -0.538782
 -1.11481
 1.3204
 -0.678985
 -0.731924
 -0.455152
 0.482851
 -1.11522
 -0.48428
 -1.18751
 0.0920877
 -0.630307
 -0.345196
 -0.960141
 0.152222
 -0.634473
 0.228966
 -0.752429
 -0.235521
 -0.903566
 -2.0202
 0.0369964
 -2.07664
 -0.898131
 -1.46274
 -1.39814
 -1.49022
 0.229552
 -1.26314
 0.137494
 -1.48605
 0.50975
 -0.111738
 -0.781389
 -0.722115
 -1.02294
 0.076066
 -1.03787
 0.434196
 0.676216
 -1.23213
 -0.378086
 -2.08999
 -1.21363
 -1.33002
 0.731694
 -1.57433
 -0.735166
 -1.01375
 -1.71503
 1.54317
 -0.690085
 0.479678
 -0.863619
 -0.940415
 -0.994357
 0.188042
 -0.227357
 -1.34955
 0.107392
 -0.41874
 1.29147
 0.321127
 2.17298
 -0.59459
 0.180583
 0.353302
 -0.363604
 1.11952
 -0.490443
 -0.607184
 0.377476
 -0.524907
 2.46496
 0.615708
 -0.0862478
 1.21142
 -0.264565
 -0.642366
 0.177099
 -1.41725
 1.4513
 -0.321363
 0.802943
 -0.651032
 0.541127
 1.22563
 0.552471
 -0.461317
 1.31519
 -0.632583
 1.09078
 0.360369
 -0.113091
 0.343285
 -0.103304
 -0.196761
 0.715925
 -0.113505
 0.140011
 -0.898407
 0.316291
 -0.521448
 -2.02607
 -0.968354
 -0.124662
 -1.17219
 1.45683
 -0.638862
 -0.164184
 -0.620489
 0.69549
 -1.55377
 0.895094
 -0.138189
 0.0831781
 -0.0317086
 -0.0359385
 -1.11295
 0.0264061
 -0.258382
 0.487704
 -0.895917
 -0.813816
 0.38251
 1.49036
 -0.828925
 0.950145
 0.72745
 1.20396
 0.0522792
 0.561414
 -0.013276
 -0.0305723
 0.210479
 0.50121
 -0.4246
 -0.867552
 -0.648885
 -0.873457
 0.023734
 -0.958588
 -0.124728
 -0.238926
 0.854357
 0.403279
 2.53676
 1.07353
 0.948641
 0.636834
 -0.365051
 1.10541
 0.0133825
 0.299377
 0.572368
 1.49808
 -0.0290611
 -0.20631
 -1.22338
 0.207686
 -0.66489
 1.33363
 -0.400281
 -0.457004
 0.0688965
 1.05198
 0.556276
 0.555785
 -0.21414
 0.262392
 -0.9119
 1.98637
 -1.48249
 2.29498
 -1.56916
 0.852621
 0.00682417
 0.223763
 -1.0743
 1.17743
 -1.99747
 1.91288
 -0.684261
 1.90634
 0.793971
 0.340228
 0.267223
 0.734327
 -0.6842
 0.740822
 0.477537
 -1.12024
 0.422439
 1.50196
 0.188735
 -0.0799204
 -0.477684
 1.82936
 -1.70831
 1.72176
 -1.90818
 0.518665
 -2.13831
 0.315249
 -0.447148
 -0.0862303
 -0.617984
 -0.206206
 1.00161
 -1.64368
 1.35094
 -0.695076
 0.264492
 -0.474072
 -0.302075
 -2.40436
 0.0388621
 -1.50014
 -0.143618
 -0.489587
 -0.0681477
 -1.70264
 -1.0111
 -1.28679
 -0.182689
 -0.437272
 0.309767
 -0.508642
 0.803804
 -1.87418
 -0.0313271
 -1.43854
 -1.6526
 0.243597
 -0.677142
 -0.129645
 -0.249492
 0.388786
 -0.843496
 0.0515254
 -0.306967
 0.487339
 -0.63502
 -0.147708
 2.92845
 0.506551
 2.26236
 -0.522289
 -0.293017
 0.223104
 0.424522
 0.444766
 -0.0228803
 -0.517413
 1.64714
 -0.533558
 1.35994
 -0.694769
 1.68329
 -2.24684
 0.751473
 -1.27232
 2.17516
 -0.397536
 0.270903
 -0.300813
 0.588434
 1.16329
 -0.250957
 0.576191
 0.758121
 1.18503
 0.636078
 -0.3133
 0.580993
 -0.509487
 -1.15232
 -0.189868
 -1.04927
 0.278801
 -0.523154
 2.6017
 0.320605
 1.83368
 -0.477457
 1.09715
 1.20249
 0.609086
 1.78781
 -1.04997
 0.633262
 -0.831166
 -0.0071416
 -0.135019
 -0.152663
 -0.481354
 1.77568
 -0.333579
 1.13304
 -0.359137
 1.32785
 -0.34748
 0.58349
 -0.768617
 0.79379
 -1.12898
 -0.152061
 1.55837
 -0.345376
 -0.530956
 -0.264159
 0.633749
 -0.86488
 0.382014
 -0.323417
 1.54725
 -0.633337
 -0.888654
 -0.714363
 -0.00411488
 -0.406277
 0.38945
 0.704164
 -0.348857
 0.402471
 -0.152713
 0.81386
 -0.203772
 -0.503106
 0.316698
 -1.13982
 0.414248
 0.882571
 2.26925
 -0.207361
 -0.0814013
 -0.360752
 -0.396541
 -0.399448
 -0.312988
 -1.75082
 0.255485
 -1.13515
 0.585486
 -0.464321
 -1.66978
 -0.148105
 -1.13142
 -0.235357
 0.707397
 0.5929
 -0.197659
 -0.53733
 -1.15703
 -0.0969534
 -0.714692
 -1.24346
 1.01434
 -0.837736
 -0.721344
 -0.579901
 -0.478324
 0.38972
 0.457215
 -0.222422
 -0.967136
 0.259083
 -0.884947
 0.0306754
 -0.183523
 -0.0981463
 -1.45028
 -0.761394
 0.141424
 -0.597919
 -1.02173
 1.10797
 -0.702621
 0.371647
 0.417185
 -0.609628
 -0.208722
 -1.06641
 -0.324937
 0.818832
 -0.268198
 0.249352
 -0.750237
 -1.07326
 0.752976
 -1.764
 -0.193037
 -0.940917
 -1.65738
 0.151563
 0.0570734
 -0.424463
 0.47498
 -0.571263
 -1.689
 1.22599
 -0.543295
 0.370106
 0.29549
 0.423871
 -1.33892
 -0.570574
 0.0369187
 -1.84641
 0.450264
 -2.12609
 0.119692
 0.0522322
 0.560437
 -1.19529
 -1.31823
 -0.657722
 0.0891199
 0.906825
 0.781561
 1.14072
 -0.565193
 0.84178
 -0.216807
 0.471775
 -1.55397
 1.61698
 -1.88386
 0.707736
 -1.14214
 -1.20941
 -0.570719
 -0.521604
 -0.314436
 0.621501
 -0.12607
 -1.44348
 -0.943803
 -1.36946
 -0.890012
 0.0353676
 -0.487214
 -1.13302
 1.07433
 -2.2475
 0.115237
 -0.412271
 -0.830539
 -0.000450408
 -0.375494
 0.260046
 -0.825908
 2.4887
 -1.30611
 0.713092
 -0.579106
 0.890209
 2.70376
 -0.741632
 1.20385
 0.130263
 -1.01588
 0.694159
 0.917572
 0.0584776
 -1.33791
 1.28977
 -1.35867
 -0.261362
 0.411172
 -0.372393
 1.62214
 -0.592484
 1.06136
 -0.222424
 -0.115
 -0.582866
 -0.807319
 0.480698
 0.500843
 0.894581
 0.740098
 0.755857
 1.10478
 -0.140205
 1.405
 -0.725116
 0.231662
 0.542183
 -0.438489
 -0.0181073
 0.88406
 -0.0456116
 2.25592
 -0.433071
 0.825218
 -1.20405
 0.291111
 0.0228118
 -0.308705
 0.934928
 -1.34073
 1.89033
 0.113395
 1.73252
 0.506435
 -0.334954
 0.301699
 -1.18387
 0.0853235
 -0.696276
 0.661109
 -0.60253
 1.15853
 -1.5915
 1.6032
 -2.6507
 1.36161
 0.438226
 0.571343
 -0.0545785
 0.108898
 -0.650928
 -0.635199
 1.12042
 0.373629
 0.473207
 1.50708
 -0.426347
 -0.141869
 0.0256954
 0.594577
 0.118805
 0.851433
 0.231976
 0.504309
 0.56749
 0.534098
 0.0778229
 1.33069
 -1.72565
 -0.42578
 -0.135462
 -1.2565
 -0.50958
 1.73504
 -1.314
 0.544615
 0.0999793
 0.193474
 1.32929
 -2.1529
 0.0991115
 0.904553
 -0.329151
 -0.504833
 0.531861
 -0.910816
 0.128682
 0.466471
 0.395818
 -1.1653
 0.805395
 -1.06132
 -0.204748
 -1.39012
 0.715277
 1.25821
 0.1309
 -0.483273
 0.651722
 -0.830485
 -0.472119
 0.115334
 -0.133391
 -0.39909
 -1.07143
 0.681867
 -0.0522496
 1.36884
 -0.101333
 0.91553
 0.494038
 1.13479
 0.323091
 1.18441
 1.03238
 0.776731
 0.0822574
 1.01227
 -0.720555
 0.615738
 0.580385
 -0.435312
 0.442963
 -0.999086
 0.439832
 0.370339
 0.0644736
 -0.405019
 0.733992
 0.508348
 -0.479887
 -0.407445
 0.781065
 0.53259
 0.808532
 0.881714
 1.17983
 1.63413
 0.641504
 1.31239
 -0.893348
 1.3609
 -0.857034
 0.363142
 0.269715
 0.448367
 -0.130319
 -0.78073
 0.666959
 -0.615881
 -0.155116
 -0.775557
 -0.23399
 -0.334054
 -0.17535
 -0.388068
 -0.870923
 -0.597528
 -1.48665
 0.377966
 -1.0938
 0.323935
 -0.820301
 0.251222
 -0.0175623
 -0.73497
 0.338936
 -1.51466
 -1.20921
 0.162325
 -0.710177
 1.05675
 1.89622
 1.41374
 -0.141721
 -0.304821
 0.744889
 -0.436704
 0.335965
 -0.353009
 0.51092
 0.604433
 0.762053
 -1.48702
 1.10176
 -0.584535
 1.3984
 -0.614102
 1.74102
 -0.247228
 -0.455347
 -0.495348
 -0.441162
 -1.80908
 -1.97622
 -1.39366
 -0.0461869
 -0.234896
 -0.844944
 0.163184
 0.519911
 -0.105249
 -1.10732
 -0.182102
 -0.998835
 -0.39221
 -2.65827
 -0.315001
 -3.52732
 2.10594
 -0.485033
 -0.956041
 1.08412
 -0.38183
 -0.0317551
 0.350177
 -1.47491
 0.283608
 -1.2512
 -0.810231
 0.72654
 -1.18527
 2.81533
 -1.74272
 0.508518
 -1.31589
 -0.460371
 1.21964
 -0.894908
 1.58171
 0.0188794
 2.59971
 0.563022
 0.530797
 -0.501875
 0.691114
 -1.83388
 -0.186551
 -1.28405
 1.08141
 -1.92999
 0.244369
 -1.86251
 1.69561
 0.648257
 -0.348928
 0.679896
 -1.25411
 0.65657
 -1.38744
 -0.351866
 -1.2471
 0.354761
 -1.29475
 0.158645
 -0.674801
 -0.461151
 0.0614185
 -1.15779
 -0.907578
 -0.0862407
 -0.159708
 1.17211
 -0.0414243
 0.958622
 -0.0609556
 0.856099
 -0.283005
 0.26013
 0.286253
 -0.0474274
 0.91377
 0.0910646
 0.352014
 -0.418719
 0.0720833
 0.0459298
 -0.0849814
 0.448613
 0.815117
 -0.327068
 0.39836
 1.888
 0.358037
 0.105113
 0.10975
 -1.11814
 0.726961
 -0.356352
 -0.412672
 0.0485341
 0.56583
 -0.394919
 -0.778734
 1.12476
 0.392248
 1.40312
 0.769213
 0.461163
 1.56221
 0.747313
 -1.06071
 0.993593
 -0.66961
 1.07625
 -0.0964103
 1.27421
 1.02871
 0.443831
 -1.58942
 0.914227
 1.19707
 -0.0398308
 -0.879271
 1.10511
 -0.629869
 -1.04514
 0.401464
 -0.431744
 0.148329
 0.661563
 0.798699
 -1.13724
 0.83496
 -0.708969
 -0.254393
 -0.768486
 0.333441
 -1.35132
 0.347005
 0.718878
 -0.865915
 -0.604465
 -0.38989
 1.39848
 0.025742
 -0.341098
 -0.451816
 -1.64382
 0.366821
 -0.0852447
 -0.618578
 2.2537
 1.49397
 -0.067621
 0.745794
 0.184977
 0.407827
 0.210055
 0.530692
 0.17318
 0.938849
 -0.89997
 1.51725
 -0.0663133
 -0.169182
 0.641418
 -1.31452
 -0.600962
 -0.254954
 -0.0231737
 -1.11591
 0.973967
 -2.0146
 1.81535
 -1.6477
 -0.833686
 0.491676
 -0.0859537
 -1.46759
 -0.31374
 0.358149
 -0.810266
 1.1135
 0.763853
 2.76467
 1.02359
 0.342625
 -0.671963
 0.989065
 -0.639418
 -0.818257
 -1.21194
 -0.749496
 -0.133601
 0.641882
 0.00578917
 -0.693102
 0.0596892
 -0.806481
 0.488508
 -0.222314
 0.588742
 0.805589
 0.994654
 -1.17997
 -0.12719
 -0.380231
 -0.591776
 0.334227
 0.083458
 -0.0413826
 1.02009
 0.428532
 0.713157
 0.568801
 0.457855
 0.908342
 0.370918
 1.16196
 -0.350258
 -1.85107
 -0.357268
 -0.0278315
 -0.15131
 -0.54248
 0.700813
 1.19301
 -0.527026
 0.334319
 0.987406
 -1.02525
 -0.718105
 -0.580877
 0.166021
 0.875948
 -2.80232
 -0.247792
 -1.49717
 0.511618
 -0.892029
 -0.825149
 0.329215
 -0.359215
 0.546381
 -0.491317
 -0.912923
 0.755371
 0.831779
 0.812911
 -0.182484
 0.884013
 1.6171
 0.393593
 0.94143
 -0.323347
 1.34971
 -1.24618
 2.47805
 0.398364
 -0.299184
 0.424056
 1.61202
 -0.882082
 1.27981
 -0.0898526
 -2.78069
 0.627568
 0.11537
 2.27298
 -0.515671
 1.47179
 -0.219289
 1.36183
 0.214683
 -0.475488
 0.663241
 0.00773043
 -0.20376
 -0.208874
 0.756943
 -1.07779
 -0.636397
 1.82758
 -0.337841
 0.766238
 -0.367658
 0.325922
 0.130242
 -0.382583
 1.10315
 -1.89691
 -0.0274503
 -0.474014
 -0.109102
 -1.62189
 0.753154
 0.553613
 0.476646
 -0.159193
 -1.42277
 1.48964
 -0.873545
 1.04282
 0.284478
 0.481176
 1.00786
 -1.84032
 1.34051
 -0.0718208
 0.187487
 -0.897193
 -0.00212115
 -0.170734
 0.14151
 -1.37451
 1.1258
 -1.45045
 -0.15144
 -0.96945
 -0.206094
 -1.43303
 -1.01939
 -0.609447
 -1.65817
 -0.496819
 -1.81872
 0.372747
 -0.575584
 1.9386
 -0.820436
 0.319235
 -2.4155
 -0.421093
 -2.04058
 1.09824
 -1.83469
 1.64367
 -0.636267
 -0.451136
 -1.576
 -0.8903
 0.222169
 -0.0284933
 -1.06762
 0.913202
 -2.58715
 0.879261
 -0.150034
 -0.179805
 1.19055
 0.182759
 -1.47813
 -0.331084
 0.0420711
 0.658131
 -0.914765
 0.405393
 -0.309656
 0.664468
 -0.553549
 0.0489863
 -1.99783
 1.15977
 -0.18409
 1.22925
 -0.258419
 0.330358
 0.130002
 -0.423078
 -0.813542
 -2.11637
 0.254185
 -0.207261
 -0.21091
 0.0665166
 1.97215
 -0.957471
 1.45518
 -1.9813
 1.31056
 -0.165018
 0.876545
 0.0805496
 1.79185
 -0.0280882
 0.997306
 -1.27761
 1.38495
 -0.219091
 0.426635
 -0.912609
 1.3542
 -0.440055
 0.862162
 0.508826
 0.426363
 -0.122637
 1.2358
 -0.719409
 -0.343767
 0.886687
 0.0325351
 -0.24982
 0.24356
 0.441794
 -0.249694
 -0.187404
 0.669568
 1.94321
 0.758571
 -0.0197929
 -0.766228
 -2.24679
 1.08473
 -1.84283
 1.25532
 -1.70961
 -0.0448814
 -1.01753
 0.336472
 0.549781
 0.044449
 1.06472
 0.604708
 0.511077
 0.486411
 -0.6028
 -0.148481
 0.518199
 -1.92725
 -0.0126745
 0.324666
 -1.21081
 0.191948
 0.87976
 -1.25903
 1.42279
 1.11362
 0.847556
 1.2021
 -0.472651
 0.00623865
 -0.753944
 -0.854115
 -1.4933
 -0.863888
 0.019923
 -0.763816
 -0.920216
 0.148319
 0.210385
 1.06896
 0.347695
 0.050333
 0.518089
 -1.97748
 0.887172
 -1.61246
 0.841508
 -0.0323604
 -0.242494
 -0.489826
 0.428891
 1.86454
 -0.095234
 1.13673
 1.2794
 1.33526
 0.25937
 1.74074
 0.362911
 0.838778
 0.531676
 1.37744
 0.61003
 -0.262976
 -0.551801
 0.994347
 0.783111
 0.527989
 0.608724
 1.59419
 -0.966194
 0.740971
 -2.88008
 0.630727
 -1.04618
 -0.655021
 0.229974
 0.415678
 -0.543415
 -0.680017
 -1.26305
 -1.02251
 -0.401381
 -1.45903
 -1.05448
 0.25372
 -0.936507
 0.203721
 0.282644
 0.00782798
 0.789948
 -0.421795
 -0.266203
 -0.690317
 0.320795
 -1.889
 1.82427
 -1.46967
 1.20359
 -0.55258
 2.44973
 -0.435354
 0.627499
 -0.30366
 0.999141
 -0.430877
 0.544692
 0.495143
 1.88443
 -0.652123
 0.846007
 -0.780599
 1.52593
 -0.561103
 -0.426918
 0.178787
 -0.0929249
 -0.335228
 0.273123
 1.19853
 0.269718
 -0.100641
 0.000265383
 -0.926253
 -0.198949
 -0.401277
 0.839353
 2.09503
 -0.132173
 1.24718
 1.7971
 -0.0689766
 1.18178
 0.547191
 1.22019
 -1.88466
 0.347673
 0.816939
 -1.11846
 0.0980802
 -0.967975
 1.03818
 0.299761
 -0.919133
 0.808779
 0.296902
 -1.86578
 1.65111
 -0.908745
 -0.472225
 1.17126
 -0.422432
 0.516127
 -1.15387
 0.442843
 -1.59827
 -0.404077
 0.105427
 -0.772985
 0.283885
 0.585086
 0.48275
 0.463055
 0.562028
 0.276427
 1.77075
 -0.0486389
 0.249965
 0.422047
 -1.4866
 -0.143453
 1.18583
 0.555423
 0.881478
 1.14866
 -0.539377
 0.0185206
 -0.247671
 0.244312
 0.542229
 -0.246124
 -0.1768
 -0.70878
 0.225904
 0.0808347
 -0.379016
 0.31072
 -1.25561
 1.61755
 -0.409169
 -0.907742
 -0.0667363
 -0.691957
 -0.241126
 0.172741
 -1.41852
 -0.173696
 -2.02128
 -0.352553
 -2.47361
 -0.621139
 -0.543489
 0.321514
 0.791449
 -1.20604
 0.00943377
 0.0564765
 0.0966345
 -0.113589
 -0.177139
 2.08949
 2.18161
 0.809267
 0.55318
 -0.110659
 -1.13738
 0.633875
 1.51241
 -0.435863
 -0.074494
 -0.540271
 0.94795
 -1.05644
 0.588352
 -0.37568
 -0.208742
 0.190919
 -0.79642
 1.21146
 -0.677796
 -0.351939
 -0.417062
 -1.2421
 -0.865651
 0.0801531
 -0.578102
 -1.06273
 -0.450158
 0.139482
 1.41097
 0.570579
 2.17138
 0.503461
 2.37066
 1.06437
 -0.283168
 0.858818
 -0.652929
 1.9834
 1.23038
 1.446
 1.08413
 0.4308
 1.56091
 -0.00104143
 2.38409
 -0.169077
 0.31307
 0.273706
 1.06253
 0.169176
 0.926079
 -1.66449
 0.271246
 0.808369
 -1.32915
 1.54814
 -0.311587
 1.30699
 -0.00625539
 1.09452
 0.95405
 2.31857
 -0.667883
 2.28758
 -0.635341
 0.393936
 0.396696
 0.0636265
 0.387032
 1.15624
 0.304041
 -0.139803
 -0.894114
 0.205736
 -0.480794
 0.0735879
 0.736258
 -0.036092
 1.71426
 0.410191
 0.726837
 0.0319597
 -1.34178
 0.443143
 0.207701
 -0.372239
 -0.612095
 1.15499
 -0.745981
 0.208875
 0.310031
 -0.294836
 0.423715
 -0.0934066
 -0.240627
 0.857483
 -0.62326
 -0.00598125
 -0.0198917
 -0.7857
 0.192909
 -1.32958
 0.0430481
 -0.237548
 -0.522663
 -0.0208949
 -0.0998717
 -1.36566
 0.848802
 -1.70882
 0.401928
 -0.356214
 1.63734
 -0.256106
 2.13094
 -0.181602
 -0.375818
 -0.897924
 -1.06974
 0.302306
 0.883679
 -0.658302
 -0.869805
 -0.715977
 -1.1171
 0.695333
 -0.453185
 0.726635
 -0.580566
 -0.0545347
 -0.070212
 -0.0560099
 -0.780551
 0.323713
 0.160029
 0.110142
 0.334422
 1.42762
 0.635528
 -0.311625
 -0.192245
 0.321004
 1.30796
 0.505696
 0.234053
 0.189047
 0.557188
 -0.731038
 -0.107073
 0.907497
 0.309178
 -0.11804
 -1.25617
 -0.771396
 -0.561585
 0.544031
 -0.175523
 0.0897564
 -1.44152
 0.665221
 -1.22438
 0.418753
 -1.19711
 1.50858
 -0.247772
 1.70003
 -1.43919
 1.21874
 0.453116
 -0.402692
 -0.580705
 -1.0685
 -0.594847
 1.07323
 1.04114
 -0.172004
 -1.02943
 1.56609
 -1.53678
 1.67997
 -1.0629
 -0.1229
 -1.05496
 1.29696
 -1.09041
 0.879482
 -2.40969
 -0.263549
 0.0471104
 -0.896323
 -0.0941582
 -0.407793
 0.436101
 -0.804736
 0.498797
 -1.00137
 -0.783799
 1.0405
 -0.506605
 -0.559976
 -0.0312431
 0.319202
 -0.557887
 0.329715
 0.547821
 0.563156
 0.466743
 -0.934456
 0.649745
 -1.82567
 0.524131
 -0.896406
 -0.135535
 -1.02502
 -0.199044
 -0.145295
 -1.11508
 0.152523
 -0.14595
 0.0555108
 -0.883107
 -0.477921
 0.254402
 0.147134
 -0.276234
 -1.27411
 -0.189734
 1.17524
 -1.49297
 0.0495792
 0.479476
 0.616763
 -0.0477496
 -1.28556
 -0.0166355
 -0.0594845
 -0.0791607
 0.927493
 -0.504676
 -0.970349
 0.949601
 0.0964129
 0.788685
 0.193069
 -0.867446
 0.416679
 -0.835752
 0.365995
 -1.55335
 0.814688
 -1.98321
 0.988847
 -0.902818
 -1.05981
 -0.0689545
 -2.26847
 -0.548303
 -1.74039
 -0.442282
 0.027701
 -2.17348
 0.326307
 -1.34427
 -1.00257
 -1.76458
 -1.5131
 0.278925
 0.274087
 0.172807
 -1.43423
 -0.391126
 0.280843
 -0.859289
 0.0050347
 -1.66017
 -0.133199
 -2.12545
 1.28856
 -1.66223
 0.595386
 -0.57267
 -0.436802
 0.53618
 -0.910097
 -0.0362638
 -1.50915
 2.49709
 0.414852
 1.65464
 0.108668
 0.2774
 0.533926
 0.649184
 0.314535
 -0.448489
 -0.897573
 0.0298203
 -0.00118663
 0.218033
 1.02326
 -1.13578
 1.38073
 -0.945582
 -0.433562
 0.634177
 0.190403
 0.0285626
 0.0178484
 -2.31784
 0.904708
 -1.03294
 -0.88888
 0.479605
 -1.61628
 0.826435
 0.389196
 2.08816
 0.673403
 -0.601917
 1.92384
 -1.65332
 1.56462
 0.631928
 -1.04907
 0.34427
 -0.3209
 1.46226
 -1.3781
 1.07964
 -2.15773
 0.254444
 0.923002
 -0.899535
 -1.50523
 -0.690866
 -0.965185
 -0.561243
 -0.516331
 -1.13738
 1.35732
 -1.21615
 1.7245
 -1.59898
 0.657376
 0.734696
 1.24165
 0.474646
 0.430372
 -2.56782
 1.54319
 1.00049
 -0.800258
 0.155173
 -0.264395
 -0.203327
 -0.241273
 1.20099
 0.538775
 0.982
 0.992725
 1.22643
 2.30059
 1.42929
 1.24722
 1.97541
 0.405581
 1.00559
 -0.156483
 1.47538
 -0.581356
 0.381728
 -1.93001
 -0.656702
 -1.48685
 0.449732
 0.22357
 0.272167
 0.0758677
 -0.201489
 0.926447
 1.28127
 0.792158
 1.57448
 0.186019
 -0.496231
 0.519703
 0.141361
 -0.172213
 0.626785
 -1.04968
 1.758
 -1.12494
 0.0809992
 -0.0096964
 -0.56712
 0.782362
 -1.89182
 0.437067
 0.34995
 2.26496
 0.709629
 0.423297
 0.559288
 0.653205
 -1.14391
 0.226525
 0.239904
 0.427788
 -0.416609
 -0.77958
 0.213982
 -0.554182
 0.432205
 0.134091
 -0.878984
 -0.163656
 -0.644805
 -0.0848941
 -1.98791
 0.463828
 -1.6681
 1.13731
 0.0763215
 1.22862
 -0.289731
 1.50351
 0.253917
 0.800716
 -1.96058
 -1.00518
 -0.547908
 -0.122822
 -0.575756
 1.07322
 -1.39927
 -0.261827
 0.0980813
 0.128116
 -1.55356
 1.26997
 -1.34503
 1.25759
 -1.44458
 0.596161
 0.597075
 0.652215
 0.501523
 -0.240229
 -0.446154
 -0.667936
 -1.47494
 -1.07084
 -1.40389
 -0.540877
 -1.54861
 -0.317789
 -0.612473
 0.709523
 -2.30318
 0.349801
 -2.23276
 0.0867893
 -0.789691
 0.803083
 -0.964009
 -0.0191304
 -0.262493
 -1.36998
 0.53778
 -0.868016
 0.178776
 -0.410703
 -0.64283
 -2.02676
 0.724174
 -0.753785
 0.328317
 -0.285345
 0.39339
 0.622756
 0.0910047
 -0.610971
 -1.50279
 0.351293
 -0.596526
 0.902622
 0.339731
 -1.64947
 0.261964
 0.548272
 -0.154488
 -0.898318
 2.04205
 -0.737918
 -0.0277135
 -0.416645
 1.09923
 1.41399
 1.48708
 1.06269
 1.18563
 -0.0369476
 -0.672613
 1.58332
 1.39851
 -0.679185
 1.15304
 0.15516
 2.12669
 0.716807
 -0.273909
 1.05525
 0.526223
 1.79317
 0.993013
 1.55611
 1.58909
 0.651308
 1.55064
 0.143202
 -0.491045
 0.85825
 -0.183899
 -0.374918
 0.820568
 -0.105326
 0.747609
 1.16726
 0.0132207
 1.01209
 0.786649
 -0.76946
 -0.725149
 -0.528446
 -1.1661
 1.99739
 0.790113
 0.622391
 -0.0498083
 1.21181
 0.840991
 -0.276944
 0.0689838
 0.25146
 0.613006
 1.34806
 1.08025
 1.18982
 0.0214129
 0.313872
 0.63234
 2.95464
 1.20896
 0.408429
 -0.621064
 0.35443
 1.0129
 0.871637
 -1.17851
 1.35135
 -0.276114
 0.382671
 0.903235
 0.586629
 0.429613
 -0.555669
 0.246132
 -0.280382
 0.910378
 -2.16711
 1.3052
 -0.0297701
 1.38787
 -0.102526
 1.63377
 -1.31273
 0.921568
 -0.437321
 1.76237
 0.145553
 -0.844245
 0.486169
 0.743553
 -1.09954
 -0.627053
 0.263186
 0.807711
 0.787289
 0.10039
 0.313602
 0.678528
 1.84738
 0.016936
 -0.048075
 -1.20302
 -0.488136
 -0.581806
 -0.783898
 -1.35033
 -1.0616
 1.38132
 -0.230914
 1.45595
 0.711784
 1.70423
 -0.198436
 0.130098
 -0.928433
 0.304791
 -1.94167
 0.84218
 -0.131077
 -1.35942
 1.55265
 -0.202453
 -0.208941
 -0.428
 0.997347
 -0.206158
 1.54232
 -1.46725
 0.184181
 -0.689019
 -2.00953
 0.944711
 -0.469399
 -0.118315
 0.594352
 0.270675
 1.74908
 0.806134
 1.97938
 0.831766
 0.388141
 -0.2619
 1.69189
 -0.107205
 0.76357
 -1.14566
 0.848349
 -0.889191
 -0.54619
 0.541158
 1.83279
 -0.449918
 1.55095
 -1.20395
 0.993618
 -0.0850677
 -0.75668
 -0.610794
 -2.06998
 -0.611374
 -0.25529
 1.01561
 -0.167279
 0.340052
 1.1227
 0.562987
 1.01343
 -0.69063
 0.18587
 0.68758
 0.622296
 0.732716
 0.609147
 -0.864146
 0.252519
 -0.681035
 -0.335133
 0.32284
 0.663428
 -0.631495
 -1.14115
 0.516086
 -0.0594762
 -1.32873
 -0.692432
 0.456579
 -1.89315
 0.317526
 -1.27476
 0.466421
 0.0685447
 0.368853
 -0.267208
 1.81951
 -1.17239
 -0.590383
 -0.917316
 -0.745984
 -0.190411
 -0.234594
 0.144821
 0.223493
 -1.24668
 2.21807
 -0.15432
 1.04694
 1.08583
 -0.378213
 -0.804948
 0.12398
 -0.312953
 0.91378
 -0.478744
 1.65332
 -0.0270765
 1.38586
 -2.04016
 0.695821
 -0.719335
 -0.0620448
 -1.49611
 -0.137895
 -1.47938
 0.77848
 -1.27831
 0.171658
 -1.846
 0.815128
 0.122093
 -1.02088
 -1.1775
 1.14489
 -0.887143
 0.522541
 -0.44169
 0.311367
 -0.259198
 1.65537
 -0.381039
 0.894304
 -0.116946
 2.3616
 -0.597731
 2.1109
 -0.385796
 1.21816
 0.676445
 0.882886
 -0.611236
 -1.20409
 2.35177
 0.238005
 0.842488
 -1.21001
 0.971522
 -0.0778517
 0.814875
 0.724853
 0.399526
 -0.82772
 1.21895
 -1.30434
 0.401502
 -0.614147
 -0.364374
 -0.696785
 2.16771
 -3.16635
 0.889953
 -2.51704
 -0.115379
 -2.9634
 -0.0300849
 -0.937856
 1.11379
 -1.13407
 0.702097
 0.233924
 -0.484034
 1.11719
 0.0898014
 -0.192548
 -0.0305125
 0.331453
 2.32541
 0.275687
 0.893155
 0.19173
 0.183129
 0.283726
 -1.79744
 0.165562
 -1.68136
 -0.674763
 -2.50723
 -0.429515
 -1.07759
 -0.321777
 -0.335542
 -0.816528
 0.521104
 -0.150159
 -0.841645
 -0.768743
 1.15018
 -1.04539
 1.35396
 -0.564466
 0.268565
 0.788402
 -0.537864
 -0.5386
 0.648648
 0.411012
 0.0195611
 -0.00835102
 -0.394016
 1.24728
 -2.13446
 1.26636
 -0.0513039
 1.10778
 -2.00325
 -1.46139
 -1.51106
 -4.23294e-05
 -1.33049
 -0.705817
 -1.74492
 -0.191294
 -0.995596
 -0.507081
 0.279864
 -1.28565
 1.1816
 -1.08087
 0.840501
 -0.0995918
 0.897642
 0.495404
 -0.382151
 -0.390076
 -0.0459567
 0.206798
 0.0245978
 -1.11352
 1.55632
 0.139751
 1.4159
 0.288794
 0.491248
 -0.218042
 -0.544752
 1.03961
 -0.0930656
 -1.22367
 0.80022
 0.418016
 -0.697937
 0.40092
 -0.257647
 -0.708188
 0.0307961
 -1.35951
 0.726819
 -0.362151
 0.636172
 -0.135099
 1.75904
 -1.81675
 0.286011
 0.151482
 -2.23961
 0.117404
 -1.47702
 1.67805
 0.96281
 -0.294154
 0.154654
 -0.487266
 1.02956
 -1.30076
 2.27141
 -0.0924403
 0.934999
 -1.50025
 1.70055
 -1.01853
 1.17818
 -0.871364
 2.33698
 -1.25988
 0.651381
 0.275177
 -0.135192
 0.901256
 0.490967
 -0.722088
 0.214921
 -0.0140433
 -0.869873
 -0.652987
 1.36624
 -1.80481
 0.0902327
 -1.51365
 -0.681252
 -0.928475
 -1.26657
 1.06828
 0.14722
 1.63433
 2.04513
 0.41073
 0.885549
 1.14749
 0.466506
 0.285453
 1.05336
 0.286778
 1.54376
 -0.320914
 1.93616
 -0.0766815
 1.59655
 0.558785
 0.757209
 -0.323586
 1.81156
 -1.403
 0.653356
 -1.01244
 0.894725
 0.816892
 -0.236074
 -0.107359
 0.209563
 -2.32987
 -0.445091
 -1.72886
 -0.785477
 -0.687312
 -0.749619
 -1.03027
 -1.47466
 -0.0068347
 -0.89005
 0.21846
 -0.89863
 -0.131202
 0.00232841
 -1.2715
 -0.116299
 -1.84527
 0.934758
 -0.881907
 -0.0502045
 0.174129
 0.318664
 0.127617
 0.400731
 0.325987
 0.661457
 0.243698
 -1.48522
 0.123
 0.233464
 1.01733
 -0.472721
 0.300814
 -0.690488
 -0.020376
 0.416202
 0.670544
 0.132478
 -0.624516
 0.264124
 1.77713
 0.468271
 0.121238
 0.490844
 1.18081
 0.436955
 2.42725
 -0.941041
 -0.131436
 -0.115986
 1.07692
 0.092295
 -0.637462
 -0.514453
 -0.638496
 -0.802442
 -1.8833
 -0.0659458
 -0.713958
 0.209638
 0.0197974
 0.169951
 -0.825463
 -0.422479
 -0.556121
 -1.46979
 -0.864752
 0.648255
 0.365379
 0.82644
 -0.798233
 0.0951841
 0.292115
 0.484579
 0.749306
 0.0316173
 0.491474
 -0.938397
 0.298589
 -0.90749
 0.267779
 -0.675844
 0.186472
 -1.50785
 -0.601905
 -0.43937
 -0.395073
 -1.62068
 -0.775503
 -1.41033
 -0.590386
 -0.806605
 0.134913
 -0.84577
 0.307658
 -1.20047
 0.971052
 -1.4036
 -0.139195
 -1.19844
 -0.0196992
 0.398402
 -1.58559
 -0.170528
 -0.152935
 0.789549
 1.57093
 -0.25941
 0.77507
 -0.091184
 0.348636
 -0.754883
 -0.304119
 -1.26366
 0.375249
 0.708688
 0.713795
 -0.64324
 -0.561638
 -0.669591
 0.802974
 -0.246234
 -0.704542
 -0.892107
 0.227042
 1.42047
 -0.347662
 2.8381
 -1.26154
 0.796524
 -0.499754
 0.470999
 1.04158
 -0.568259
 -0.388386
 0.856376
 0.297994
 -0.825917
 0.0720676
 -0.293928
 -1.74136
 -0.965551
 0.5268
 -1.07397
 -0.347688
 -0.141701
 -1.3147
 1.20157
 -1.31122
 -0.646741
 -1.24078
 -1.30019
 -0.0710955
 -0.274126
 -0.490496
 0.432957
 -0.398809
 -1.49596
 -0.150819
 -0.783538
 -0.123782
 -0.859479
 -1.18372
 -0.192007
 -0.33358
 -0.607475
 -1.81371
 -1.62868
 0.54867
 -2.36838
 0.945503
 -0.341321
 -0.0245931
 0.630938
 -0.454548
 -1.29829
 -2.04347
 0.825669
 -1.05885
 1.25428
 0.562704
 -0.68503
 -0.602267
 0.0655291
 0.0825778
 -1.53204
 0.016083
 -2.43644
 0.0486997
 -0.479887
 1.20226
 -0.53879
 1.18142
 -0.666654
 0.755185
 0.355989
 -0.84876
 -1.09808
 0.303428
 -0.613538
 -0.216122
 0.219971
 0.626012
 -0.629297
 0.0173378
 0.0838919
 1.43005
 -1.13847
 0.14546
 -0.0586189
 0.690561
 -0.781626
 -0.922149
 -0.697399
 -1.03473
 -0.0229867
 -0.261091
 0.96422
 0.0700875
 -0.969198
 -0.419298
 -0.0920837
 -0.0530553
 0.621291
 -1.40603
 0.970724
 -0.379809
 0.809269
 1.09666
 -1.31879
 1.07006
 -0.0318956
 -0.103575
 0.883835
 2.06099
 0.868822
 0.895999
 -0.111496
 0.98546
 1.18903
 -0.578162
 0.752475
 0.0361094
 0.418452
 -0.0550467
 1.50267
 0.491041
 0.708073
 -0.424926
 0.7524
 -1.06801
 1.01076
 -1.34349
 0.0150296
 1.45595
 0.561398
 -0.577403
 1.35138
 0.771634
 1.61764
 0.774678
 1.13269
 1.77878
 1.60853
 -2.02471
 3.01367
 -1.14295
 -0.441199
 2.08643
 -0.0817225
 -0.698763
 1.10967
 -0.856013
 0.198269
 -2.80801
 -0.330032
 -0.560735
 -0.00465403
 -0.474528
 1.45802
 0.242833
 0.421426
 1.57045
 0.322403
 -0.0158594
 -1.07925
 0.520169
 0.0447741
 1.0707
 -0.37655
 1.67093
 0.319203
 1.20638
 -0.226841
 0.438403
 0.575686
 -0.577413
 -0.231115
 0.459433
 0.0208041
 0.897015
 0.0829166
 -0.203462
 1.5313
 -0.29525
 0.237885
 -0.118859
 0.844848
 -2.83861
 0.517387
 -1.77978
 0.26425
 -0.143603
 -1.71954
 0.178554
 -1.26815
 -0.650524
 1.90793
 0.297041
 -0.0151313
 -1.04865
 0.318112
 -0.736884
 0.639403
 0.572266
 -0.501502
 -0.122981
 -0.00440424
 0.137847
 -0.472462
 1.67169
 -0.517914
 -0.555373
 -0.329518
 0.440174
 -0.625293
 -0.275858
 0.140108
 -0.723378
 0.204459
 -0.480186
 0.838342
 -0.750221
 0.229578
 -0.550009
 -1.29511
 2.00953
 -1.11196
 -0.135543
 0.479853
 -1.16581
 -0.867649
 1.57051
 -1.71749
 0.898364
 0.791569
 -0.42698
 1.69516
 -0.285302
 -0.904288
 1.16709
 0.648327
 1.1387
 -0.448982
 0.598921
 0.160003
 1.33428
 0.656409
 0.101133
 1.46635
 1.42031
 -0.396017
 -0.916448
 -0.945311
 0.0353465
 -2.68669
 -0.68623
 -0.324377
 -0.171973
 -0.176643
 -1.49051
 -2.57343
 -1.32482
 -1.29638
 -1.45184
 -1.97742
 -1.19609
 -3.25775
 -1.96873
 -0.779965
 0.0522351
 0.137992
 1.40947
 -1.3793
 -0.718689
 -1.42278
 1.20293
 -0.790292
 1.13784
 -0.165468
 1.14415
 -1.08009
 -0.216857
 -0.0854746
 -0.287264
 -0.091681
 0.21041
 -0.409838
 -0.503927
 -0.930687
 0.171071
 -0.647291
 -0.00847256
 0.419101
 0.982008
 -0.950838
 1.51991
 0.0533749
 0.689871
 -0.088467
 0.242505
 -0.814178
 1.66398
 1.32398
 0.070086
 0.191377
 1.77277
 1.36024
 -1.07832
 1.37412
 -1.66209
 0.00509607
 -1.58449
 0.0553573
 -0.109637
 0.452114
 -0.424033
 0.0876786
 -1.6274
 0.590583
 -0.460223
 -0.25818
 0.579654
 1.02943
 -0.733899
 -0.768983
 1.59446
 -0.198366
 -0.108563
 -0.141991
 0.18588
 -1.19498
 -1.02399
 -1.3442
 -0.53701
 -0.702812
 -0.242066
 -1.27537
 -0.885321
 -0.295444
 0.258088
 -0.668252
 -0.380942
 1.63912
 -0.688794
 -0.117922
 2.06413
 0.549092
 1.21887
 1.0143
 0.923641
 0.587867
 0.220735
 -0.269257
 1.15749
 -1.90391
 1.47713
 -0.184177
 0.429444
 0.724862
 -1.15809
 1.93816
 -0.576679
 -0.31291
 -0.914382
 1.85875
 -2.11023
 2.74451
 -0.709608
 0.619768
 -1.16465
 1.53227
 -0.182819
 0.023575
 -1.2912
 -0.282282
 -0.528304
 0.895766
 -0.519794
 1.0658
 -0.193624
 -0.480404
 -0.388916
 0.0507521
 0.21503
 -1.56199
 -0.0849379
 -0.465311
 0.140315
 0.840511
 -0.533642
 0.493784
 -0.281437
 1.05666
 -0.57929
 0.878998
 -0.629346
 2.60576
 -1.67287
 0.609104
 -0.368987
 0.266641
 -1.286
 0.418788
 1.01371
 -0.399502
 0.736546
 -0.401686
 1.33097
 -0.084366
 1.46328
 0.0596273
 1.57931
 1.03666
 0.264966
 -0.243167
 -0.0992261
 -0.897186
 -0.519664
 1.01026
 -0.47932
 -0.296302
 -1.12461
 0.0683158
 -0.221722
 -0.409376
 0.826695
 -2.21106
 0.683844
 -1.65683
 -1.5328
 -1.13445
 0.386067
 -0.225536
 1.03515
 -1.20391
 1.52423
 -0.42603
 0.399234
 -1.08843
 -0.934697
 0.730199
 -0.558083
 -0.274085
 0.787286
 0.574078
 -0.232633
 -1.23688
 -0.374866
 -1.26865
 0.322028
 -1.09161
 0.239797
 -2.03064
 2.64183
 -0.633102
 0.628111
 -0.903671
 -0.120843
 0.359704
 0.0071235
 1.15612
 -1.66003
 -0.994313
 -1.13341
 -0.921351
 0.570513
 0.441857
 -0.382146
 0.467949
 -0.134364
 0.521141
 -1.35773
 -0.588095
 -1.58368
 -0.677758
 -0.837613
 -0.0764819
 1.39214
 0.0788695
 0.941959
 1.16598
 -1.31564
 1.4361
 -0.399592
 0.120313
 -1.27339
 1.12592
 -0.50489
 0.938137
 -0.300702
 1.34351
 -0.0916667
 0.76303
 -0.522786
 -0.501392
 -0.0192162
 -0.785105
 1.07471
 -0.600896
 0.193598
 -0.0221648
 0.846261
 -1.57611
 1.38162
 0.065374
 -0.710638
 0.340814
 1.24182
 -0.994457
 0.430096
 -2.56939
 1.33105
 -0.860055
 1.18594
 0.253611
 0.0537525
 0.468611
 -0.0472731
 -0.654573
 0.556191
 -0.634183
 0.305261
 0.684029
 0.255239
 -0.788105
 2.08492
 -0.635597
 0.867875
 1.68219
 -0.567494
 1.56901
 0.525318
 -0.795223
 0.352423
 -0.202779
 1.54211
 -0.961877
 0.829921
 -0.334621
 1.30452
 -0.0910423
 1.95092
 -0.146863
 0.733812
 0.786733
 -0.175464
 0.258488
 -0.0317834
 -0.0401858
 -0.770023
 0.0601438
 -0.102681
 1.10597
 0.729101
 -0.988957
 -0.735825
 -0.14688
 0.918521
 -0.146802
 0.35824
 -0.890486
 0.0309964
 -0.936981
 -0.211646
 0.736607
 0.106428
 -0.69718
 0.428415
 0.351641
 2.63391
 0.75187
 -0.444323
 -0.558163
 -0.481473
 0.128303
 -0.115835
 0.790775
 0.219652
 0.0893395
 0.184044
 1.20183
 -0.465744
 -0.667166
 0.78237
 -0.105804
 1.1064
 0.167563
 0.710768
 -0.50257
 0.405006
 1.49076
 2.09218
 -0.108367
 -0.797276
 1.02276
 -1.19046
 0.898426
 -0.759683
 1.50286
 -0.194749
 0.445429
 -1.45529
 -0.17685
 -1.12357
 -0.131268
 -0.326136
 -0.831272
 -0.840231
 -1.43161
 -0.481508
 -2.15681
 -0.706719
 -1.93652
 0.322346
 0.27444
 -0.192813
 0.740307
 0.453051
 0.355388
 -0.198221
 -0.251288
 1.56039
 0.474655
 0.217983
 0.302125
 1.57809
 2.10066
 0.532851
 -0.496819
 -0.958736
 0.452668
 -0.0535355
 -0.246291
 1.50421
 -0.433454
 -0.531463
 0.44496
 1.38274
 -2.12807
 3.04628
 -1.64764
 2.20827
 -0.320646
 -0.124782
 -0.398738
 -0.893812
 0.573278
 -0.648971
 1.0783
 -0.060511
 1.97881
 0.802776
 0.264372
 1.0518
 -0.871643
 0.338772
 -0.574266
 1.05346
 1.07361
 -0.801451
 0.708317
 -1.63131
 -0.0873868
 -1.13677
 1.04505
 -1.61866
 2.69741
 -1.87908
 -0.29815
 -1.55402
 -0.585981
 -0.3776
 -0.559968
 0.114967
 -0.0628808
 0.829584
 1.1351
 -0.194847
 0.351131
 -0.246658
 -0.639395
 1.35795
 0.810813
 0.227231
 1.536
 1.22796
 0.910653
 0.585592
 0.748326
 -0.165944
 1.44037
 -0.202589
 0.559672
 1.28861
 -0.510394
 2.01724
 1.41527
 -0.248726
 0.732954
 0.793108
 -0.61711
 -0.987516
 0.106292
 -0.629789
 1.30262
 -0.0225092
 0.297088
 0.295547
 -0.617571
 -0.0884955
 1.16715
 -0.209713
 -0.73043
 -0.646505
 -0.87304
 -0.694794
 -1.3638
 -0.443505
 0.0110038
 -2.78618
 0.400844
 -0.396585
 1.43908
 0.984586
 0.291138
 0.459275
 -0.66512
 0.190656
 -1.22951
 0.19491
 -1.92286
 0.94982
 -3.16865
 0.259034
 -1.2395
 -1.75423
 0.972202
 -0.557827
 -0.721748
 -0.499035
 0.607142
 -1.17056
 1.25562
 -0.514527
 0.664202
 -1.07284
 0.502755
 -1.67357
 0.337425
 -0.020653
 -0.243242
 0.792817
 2.44322
 0.363735
 -1.22984
 0.549295
 -1.81661
 1.89151
 -0.878033
 1.63403
 -0.319149
 0.626679
 0.667376
 0.716077
 0.599886
 1.28424
 0.0873108
 0.0184101
 0.14662
 -0.431744
 0.0939955
 -0.0252628
 0.382899
 -0.18361
 0.827855
 -0.661121
 -0.17337
 0.999547
 1.01479
 -0.872234
 1.15443
 -1.04052
 0.775544
 -0.748727
 0.163311
 -0.945632
 0.149086
 -0.766957
 -0.0672113
 -0.785486
 -0.466501
 -1.44068
 0.0286017
 -0.581981
 0.660056
 -0.114465
 0.363081
 0.173135
 0.75212
 -0.12496
 -0.617676
 -1.77457
 0.851955
 -1.25924
 -0.987514
 -1.54097
 -0.495419
 -0.697301
 -2.36648
 -1.49829
 -0.99643
 -1.7739
 -0.842162
 0.221882
 -0.187197
 1.01906
 0.190057
 0.519871
 1.63042
 -0.270106
 0.639356
 0.950597
 1.35175
 -0.900888
 0.733292
 0.121702
 -0.161507
 0.493138
 1.63106
 0.369968
 -0.467338
 0.297572
 1.01946
 0.202992
 -1.55683
 0.759443
 -2.18041
 1.39706
 -2.32296
 1.49428
 -1.46473
 -0.161246
 -0.201695
 0.172433
 0.252341
 1.20304
 -0.804353
 0.384839
 1.30873
 0.615235
 0.143251
 -0.032567
 0.125444
 0.271581
 0.956437
 -1.37226
 0.0250161
 -1.40289
 0.465867
 0.360674
 -0.706586
 1.16981
 -0.66093
 1.59977
 -1.41563
 1.6529
 0.818618
 1.81908
 0.0957198
 -0.225655
 -0.621952
 -0.244392
 -0.433869
 1.30964
 -0.334492
 0.387439
 1.41211
 -1.12209
 -1.01965
 -0.851287
 0.550637
 -0.0557211
 0.0690022
 -1.40205
 1.82714
 -0.736875
 -1.14036
 1.68731
 -0.952838
 0.267893
 -1.17373
 0.460304
 -0.89743
 1.01036
 -1.05111
 1.76987
 -0.733774
 0.909024
 -0.831618
 0.567848
 -0.399501
 1.02984
 0.873799
 1.5512
 1.09883
 1.37373
 2.00612
 0.630084
 0.10634
 -1.3912
 2.26345
 -1.96301
 -0.75877
 0.186076
 -0.3595
 -0.229471
 -1.86827
 -0.0538658
 -0.0168051
 -0.261709
 -0.481248
 -0.523226
 -0.723179
 -0.371405
 0.201937
 -0.0979099
 -1.94482
 -0.379664
 -0.948785
 -0.562202
 0.877561
 -0.0241869
 1.60583
 -0.318138
 0.477452
 0.425617
 0.488627
 -1.04036
 1.22523
 -0.910062
 -0.0993844
 -1.04328
 -0.937838
 0.0365085
 -0.950703
 -1.28866
 1.63205
 0.0877928
 0.549998
 -1.91718
 1.24824
 -1.85096
 1.51288
 -1.45577
 0.0287116
 -0.881364
 -0.980139
 -0.74708
 -0.960491
 -0.642206
 -0.715707
 0.0154124
 -0.0267127
 -0.1688
 0.861822
 -0.993174
 2.0959
 0.164301
 0.744147
 0.543806
 -1.14348
 0.690495
 -1.75108
 -0.546283
 1.60966
 -1.0323
 -0.397392
 -2.31268
 1.25428
 -2.47696
 0.337082
 -2.37894
 0.0649628
 -0.130323
 1.29427
 -0.203549
 -0.333144
 0.978595
 0.0867037
 1.51395
 -0.763949
 -1.22817
 0.588765
 -0.857862
 1.04156
 1.77039
 0.0840263
 0.30731
 -1.21392
 0.669694
 0.240252
 1.30561
 -0.879335
 0.752916
 1.35875
 -0.497004
 -0.655882
 0.875273
 -1.68591
 -0.403046
 1.38435
 0.159242
 2.16414
 0.818439
 0.417679
 1.0816
 -1.86705
 0.331338
 0.267999
 -0.355838
 -0.186162
 -0.357054
 0.969179
 1.21554
 0.230117
 1.1017
 -0.629417
 0.0611978
 -1.29387
 1.07926
 -0.34053
 1.29623
 0.897106
 -0.716962
 1.3072
 -0.392388
 -0.409702
 0.381712
 0.0467942
 -0.0150362
 0.948873
 0.0585689
 0.744689
 -0.111512
 -0.625551
 0.388412
 -0.660659
 1.20219
 1.01587
 0.106544
 -0.721833
 -1.50952
 0.519149
 -0.149232
 0.609139
 0.402552
 -1.18531
 -0.245042
 -0.423451
 0.901433
 0.214661
 0.886906
 -0.306106
 -0.509332
 -0.811272
 1.34808
 -1.76186
 -0.484042
 -0.512685
 0.844031
 -0.625917
 -0.193663
 0.5159
 -0.485617
 0.543354
 0.158148
 -0.325133
 0.219061
 1.37055
 0.20324
 -0.704036
 1.00104
 -0.641537
 1.09889
 -1.31694
 0.0359768
 -0.326488
 -1.47685
 0.849273
 0.93856
 0.294759
 1.5152
 1.25469
 1.31466
 -0.227578
 0.191702
 0.850352
 0.848916
 0.932202
 0.548979
 -0.774792
 0.464382
 0.17643
 -0.84494
 0.149492
 0.920592
 0.962361
 0.0722127
 0.782683
 0.283965
 -0.232279
 1.23158
 1.11754
 0.931848
 2.21906
 -0.487071
 1.70766
 0.44843
 0.186468
 1.07637
 0.0998576
 -0.160486
 1.41561
 0.413343
 0.552477
 -0.464741
 -0.18503
 -0.228694
 -0.308343
 -0.187873
 -0.833827
 0.415791
 0.530797
 -1.17491
 0.853259
 -1.15216
 -0.165957
 -0.774891
 -0.429523
 -0.494913
 2.05605
 0.107344
 1.71918
 -0.118954
 0.310584
 0.379468
 0.759294
 0.480481
 -0.242713
 -1.04921
 -0.0317622
 0.903305
 -0.874901
 -0.897369
 -0.156082
 -0.668133
 -1.35078
 0.0950272
 1.50719
 0.718099
 2.02213
 0.711299
 -1.01382
 0.884739
 0.158783
 1.93837
 0.159049
 0.649642
 -0.654377
 -0.101321
 1.07594
 1.22448
 -0.264388
 -0.219627
 -0.202733
 -0.358719
 0.850819
 -0.161024
 -0.316027
 -0.489637
 -0.507076
 0.829746
 -0.910809
 0.12434
 -0.580764
 -0.630926
 -1.66446
 -0.28245
 -2.11624
 1.67189
 0.394328
 0.906939
 -0.0668821
 1.52917
 -0.00390932
 0.219153
 -0.905164
 1.17932
 -0.346439
 0.302811
 0.448712
 -1.14621
 1.46854
 0.143587
 1.12183
 0.10633
 1.32098
 -0.479214
 1.59067
 -0.782455
 1.42615
 -1.92861
 1.38509
 0.2362
 2.16417
 0.533962
 0.168137
 -0.0312779
 -0.145892
 0.3438
 -0.498358
 1.81972
 -0.571011
 0.624326
 1.64447
 0.573749
 1.67021
 -1.74902
 -0.0718961
 -1.83985
 1.40426
 -1.47414
 1.09046
 0.0414184
 1.57441
 0.329821
 -0.132752
 -0.36414
 0.889939
 -0.718653
 0.674076
 -0.0910055
 -1.64641
 -0.322835
 -1.52998
 -0.189385
 -2.40498
 -0.669763
 -1.19757
 0.165745
 -1.26202
 0.470776
 0.45311
 0.373609
 0.786549
 -0.289587
 1.61093
 -0.739738
 -0.703801
 0.0823255
 -0.268366
 0.0819486
 0.845309
 -1.55003
 0.894555
 -2.22577
 -0.7606
 0.656583
 -0.568935
 -0.530203
 -0.66048
 0.296378
 0.47138
 0.0818945
 -0.244164
 -0.679466
 -0.280961
 0.145727
 0.0321981
 -0.258936
 -1.12224
 0.106824
 -0.830488
 1.53861
 1.61879
 -1.10254
 1.05683
 1.21273
 2.49886
 -1.00435
 0.569466
 -2.39237
 -0.820216
 -0.556765
 0.127764
 -0.182324
 0.573315
 -0.377117
 0.0482541
 0.476847
 1.19581
 1.59483
 0.483525
 1.1049
 0.178766
 1.19114
 0.468528
 0.291576
 0.39904
 -1.36781
 1.40152
 -0.7327
 0.678782
 -0.780103
 0.254067
 1.11499
 -0.0478
 0.655065
 -0.276893
 0.0225725
 -0.488162
 0.192585
 -2.02709
 -0.461467
 -2.01608
 0.869489
 0.42671
 0.16268
 -0.986844
 1.44104
 -2.44284
 0.0377641
 -1.49601
 0.315604
 -1.216
 0.452198
 -0.878465
 -0.253827
 -0.976318
 -0.458704
 0.286471
 0.874682
 0.0662674
 -0.543187
 0.880607
 -1.24952
 0.81336
 0.296607
 1.25899
 1.29439
 1.31455
 1.70819
 -0.0996636
 1.69269
 1.5524
 -0.11563
 -1.186
 0.10879
 0.0847519
 0.731714
 -0.732452
 1.03581
 -1.10241
 0.364301
 0.722411
 1.8685
 -0.917262
 0.544933
 1.2647
 0.151881
 1.18719
 -1.26418
 0.87035
 0.50825
 -0.0328231
 0.690831
 0.220371
 0.0800158
 0.689115
 -1.72584
 2.24167
 -2.55776
 2.28457
 -0.418847
 0.999162
 -0.85546
 0.976748
 -0.749855
 -0.410811
 -0.0714639
 0.318063
 -1.40797
 0.568664
 -0.100643
 -1.13374
 -1.63156
 -0.0754786
 -1.71515
 -1.10222
 -1.00783
 0.251677
 -0.986388
 -0.665109
 -1.19024
 -0.037288
 -0.448209
 -2.80243
 1.10054
 -1.33801
 -0.324161
 -0.102474
 -0.59661
 -0.0704584
 -0.276599
 -0.573102
 0.609799
 -0.0124289
 -1.04513
 -0.435752
 -0.724433
 -1.03329
 -1.0716
 0.219931
 -2.32518
 1.42362
 -0.387446
 0.847359
 1.06413
 0.122503
 -0.202874
 1.53945
 -1.77703
 1.43832
 -0.780833
 1.34494
 0.180583
 -0.278124
 1.26258
 -0.677941
 1.07572
 -0.757985
 -0.142809
 0.429144
 -0.53593
 -2.25777
 -1.50784
 -1.93865
 0.0741142
 -0.725375
 -0.0628072
 -0.396142
 0.52251
 -1.75063
 -0.192663
 -0.4439
 0.310871
 -1.71585
 -0.576824
 -0.862879
 -0.306394
 0.193612
 -0.925855
 0.161296
 -0.619861
 -1.02376
 -0.432448
 -1.00318
 0.528107
 -0.721477
 1.10041
 -2.01809
 1.91386
 -0.565226
 1.40096
 -0.00791199
 -0.18857
 0.891416
 1.41835
 -0.264841
 -0.0769509
 0.970144
 0.833263
 0.48908
 0.729884
 0.284234
 -0.970662
 1.19373
 -0.529109
 0.926303
 0.482483
 -0.291083
 0.167355
 0.431798
 -1.54718
 1.75954
 -0.239945
 1.72677
 -1.13033
 2.40142
 -0.781093
 -0.0780121
 0.0588985
 -0.578754
 -0.915945
 0.100824
 -0.234955
 0.199314
 -1.32647
 0.411905
 0.805619
 -0.747049
 0.76158
 -1.47814
 -1.23486
 0.337495
 -1.36444
 0.50557
 -1.12112
 -0.196997
 0.00141091
 0.129534
 0.718452
 0.354616
 -0.555229
 0.390795
 0.542404
 -1.23329
 0.00882007
 0.683254
 0.387394
 -0.239645
 1.63649
 -0.592877
 1.09104
 0.0119918
 -0.46512
 0.347521
 -1.13108
 0.817647
 -0.0924513
 -1.01256
 0.389815
 0.747412
 -0.460251
 -0.365171
 -1.20856
 0.732964
 -0.408696
 -0.214702
 0.173293
 -0.311956
 -0.776678
 0.653101
 0.296784
 0.06376
 0.50307
 0.285993
 1.19066
 1.34275
 0.885962
 0.74727
 0.97607
 0.948652
 -0.0131016
 2.23073
 0.0576219
 -1.5677
 0.479499
 0.421139
 -0.428393
 0.191394
 0.0900836
 0.0409011
 0.433105
 -0.150701
 1.66599
 -0.296656
 0.722754
 -0.0691108
 -0.701777
 1.5167
 -1.50603
 1.54111
 -0.941107
 0.111196
 -1.30732
 0.185899
 -1.5868
 0.293569
 -0.445461
 0.416626
 0.712448
 -1.23361
 -0.0034207
 -1.0687
 0.839351
 0.412179
 -0.6225
 1.28132
 -1.32727
 1.11057
 -1.118
 1.80032
 -0.693713
 -0.181294
 -1.08651
 -0.797057
 0.924898
 -0.262041
 1.38805
 -0.368251
 -0.864362
 0.519747
 -1.1972
 -0.53764
 -1.40482
 -0.679965
 -0.732651
 -0.357718
 -0.540983
 -1.5192
 0.45331
 -0.676423
 -0.447981
 0.920401
 -0.593358
 -0.31093
 -0.0239036
 1.85304
 0.610558
 1.89391
 -1.25657
 1.62445
 0.573092
 0.295494
 0.610007
 -0.973716
 0.98367
 0.660435
 0.756205
 1.75468
 -0.179223
 1.03433
 -1.74478
 -0.346395
 0.903779
 1.55029
 0.0494468
 -0.477456
 0.839608
 -0.0815926
 0.678224
 -0.23968
 -1.13772
 -0.0163233
 -0.0472085
 -0.259943
 0.581258
 -0.171743
 0.406406
 -1.00771
 0.799521
 0.0613656
 0.33837
 -0.686802
 -1.52638
 0.382474
 0.086619
 1.14433
 -0.340332
 0.00955455
 -0.172415
 0.892566
 0.490638
 1.16379
 -1.33133
 0.339823
 -1.03045
 -0.0354055
 -0.658503
 0.505712
 -1.04298
 1.32644
 -1.12903
 2.34052
 2.52537
 1.84537
 1.9837
 1.74743
 -0.393581
 1.1752
 -1.0528
 -0.260799
 -0.443835
 -0.482038
 0.932299
 -0.270592
 0.910441
 0.989295
 -0.490885
 1.66869
 -1.79209
 -0.626851
 0.386572
 0.0809847
 -0.908662
 -0.0794399
 0.670422
 0.232875
 -0.715795
 0.841221
 0.00698172
 1.46837
 -0.165034
 0.317215
 0.0195077
 0.397094
 -0.53207
 -1.02626
 -0.412555
 -0.527975
 -1.0444
 -0.415475
 -0.406027
 -1.14573
 0.136774
 0.0833404
 -0.456026
 -0.138381
 -0.0942529
 0.783485
 -1.15804
 0.225285
 0.621946
 -0.390078
 1.26218
 -1.12303
 0.586913
 -0.909393
 0.728231
 -0.701912
 -0.0941404
 -0.841515
 -0.505548
 0.253362
 1.27916
 -0.385105
 -1.0226
 -0.0641904
 0.607899
 -0.811282
 1.22421
 -0.634677
 1.19608
 -0.13201
 0.502206
 0.14176
 -1.49721
 0.0116668
 0.676505
 -0.541018
 0.270192
 -0.324154
 -0.83629
 0.0257048
 -1.75008
 -0.651241
 -0.869826
 -1.82506
 0.91272
 0.226478
 -0.180918
 0.741696
 0.638297
 0.0177103
 1.48695
 -0.286698
 0.358559
 0.837333
 0.322446
 1.08681
 -1.52659
 1.70518
 -1.48169
 1.4003
 0.534173
 1.42553
 0.875397
 0.574417
 -0.222962
 -1.79538
 0.442371
 -0.138964
 1.0146
 0.139849
 -0.00869515
 -0.272435
 -1.42442
 -1.90968
 -1.63085
 0.381649
 -0.747089
 0.229846
 -1.26815
 0.143194
 -0.710978
 -0.410418
 -0.588488
 0.788518
 -0.229454
 1.45642
 0.469433
 -1.02413
 2.05156
 -0.720646
 1.41047
 0.558071
 1.29033
 -0.0838967
 0.293915
 0.11713
 1.17051
 1.337
 -0.874426
 2.01112
 -0.21732
 0.031607
 -0.345315
 1.03582
 -0.577693
 -1.22487
 1.39797
 -0.598381
 0.887633
 -0.352697
 -0.648991
 -1.97488
 1.33703
 1.16595
 -0.302104
 0.317126
 -1.9657
 -0.375201
 -0.2111
 0.338244
 -0.831899
 -1.36592
 0.616623
 -0.880906
 -0.525002
 1.24946
 -1.47999
 -0.0360587
 -0.758379
 -1.00074
 0.421934
 -3.98227
 0.407646
 0.390055
 0.13298
 0.697696
 0.420363
 0.450958
 0.420486
 0.247917
 -0.888346
 -0.342125
 -0.246245
 -1.05631
 -0.249715
 -1.44843
 0.75252
 -1.70357
 0.288045
 0.459863
 -0.724147
 0.196736
 -1.15464
 0.461755
 -1.55014
 -0.275715
 -0.745935
 0.16392
 -1.31278
 -0.190087
 -1.16864
 -1.42478
 -0.110995
 -0.131806
 1.39995
 -0.615678
 -1.00349
 -0.331762
 -0.147241
 -0.429782
 0.11998
 0.471541
 -0.626288
 0.0457504
 -0.584652
 0.885469
 0.108237
 -0.318526
 1.3555
 -0.111183
 0.641275
 -0.600303
 -0.215705
 -0.833781
 0.658969
 -0.90296
 0.925565
 1.86196
 -0.100819
 1.43075
 0.666842
 0.478699
 -0.0643236
 -0.755574
 -0.00386403
 -0.581592
 0.477647
 0.409943
 0.183533
 -0.00958661
 -0.368731
 -0.0216883
 -0.691715
 0.0828668
 -0.8668
 -1.23575
 0.258745
 -0.234587
 -0.377861
 1.50908
 -1.50881
 0.408783
 0.464654
 -0.920379
 0.580709
 -0.398436
 -0.441251
 -0.0796408
 -0.504927
 -0.141904
 0.127358
 -0.327661
 0.411147
 -0.122729
 1.71342
 0.728985
 -0.14978
 1.47463
 -2.49427
 0.955194
 -2.32474
 -0.856973
 -0.656288
 -1.46241
 -0.0868878
 -0.33981
 -0.829099
 -0.606715
 0.812304
 -1.99352
 -0.269954
 -1.1847
 0.374066
 0.0351976
 -0.762863
 -0.0944163
 1.12856
 0.0269057
 -0.199579
 -0.0494311
 -1.63535
 1.00895
 0.187131
 0.158765
 -0.516168
 0.592846
 -0.0307532
 0.0729193
 1.81919
 -0.147102
 2.09643
 0.257389
 0.711855
 -0.934078
 0.610716
 0.420001
 -0.408615
 2.45963
 -0.268277
 0.458116
 -1.148
 0.670193
 -0.193002
 0.566998
 -0.307549
 1.60297
 -0.660034
 0.795746
 -0.765027
 1.79966
 -0.533731
 -0.644126
 -1.17708
 -0.235953
 -1.10929
 0.687385
 -0.402936
 1.55065
 -0.783917
 -0.346733
 -0.144858
 2.13741
 -0.0687437
 0.136605
 0.186346
 -1.31333
 0.773303
 -1.54579
 1.4829
 -0.3474
 0.788227
 0.0765908
 1.22283
 -0.0323725
 -0.00846958
 0.125715
 -0.122486
 -0.858179
 2.02373
 -1.0683
 0.727639
 -0.210587
 -0.956238
 -0.836446
 0.409374
 0.486476
 -1.67247
 0.371311
 -0.313193
 0.274053
 0.590335
 -0.184046
 -0.389445
 -0.185989
 0.0435811
 0.703398
 -1.16311
 -0.281697
 1.09941
 0.0720413
 1.19185
 0.524823
 0.802471
 0.418893
 1.08163
 0.368379
 0.583848
 1.16881
 0.436079
 1.31235
 0.744765
 1.84517
 0.517434
 0.878229
 -0.0371448
 -0.530817
 -1.65187
 0.449258
 -1.00046
 0.511181
 1.01058
 -0.611689
 -1.40594
 1.4706
 0.0646238
 1.62447
 -0.161554
 0.00969566
 0.902091
 -0.629895
 0.614577
 0.55816
 -0.759292
 0.94053
 -0.786009
 -0.423939
 0.453939
 -0.336212
 0.451134
 0.733247
 0.470544
 -0.699976
 1.35692
 -0.577129
 -0.413797
 -0.487673
 -0.643427
 0.555565
 0.624716
 0.281598
 1.34416
 -1.09516
 -0.738485
 -1.30316
 0.181829
 -2.51859
 0.939446
 -1.0418
 -1.08779
 0.169126
 0.213692
 -1.06295
 -0.97766
 -0.327631
 -0.520712
 -0.368494
 -1.42033
 0.941597
 0.30637
 0.0471488
 -0.476865
 -0.428915
 -1.23483
 -0.75374
 1.76221
 0.898092
 0.35496
 -0.511183
 -0.0505619
 1.01854
 -0.156602
 0.209892
 0.364491
 -1.25824
 -0.570398
 1.58001
 2.06018
 1.70971
 -1.29393
 0.108621
 0.374502
 0.147383
 -0.405277
 1.84098
 -0.127877
 -0.503993
 0.558737
 -0.979523
 0.939655
 -0.122754
 0.41587
 1.67706
 -1.47448
 0.25309
 -0.775101
 0.409043
 -1.33007
 -0.295348
 0.103662
 0.00485557
 1.31034
 -0.685427
 2.68982
 -0.707767
 1.76132
 -0.104779
 0.557688
 0.620085
 -0.288561
 1.8335
 -1.20972
 0.228662
 1.41773
 -1.79243
 1.46189
 -2.44981
 1.00369
 -0.0141541
 0.0400685
 1.14918
 -0.34403
 0.518492
 0.0151132
 0.355943
 1.20797
 -0.235922
 0.850323
 0.037422
 -0.397923
 -0.475901
