 0.824154
 -0.123326
 1.63952
 0.982617
 -0.900791
 -1.52052
 -1.71473
 -1.3718
 -0.964059
 -1.47014
 -0.608521
 0.187921
 0.751642
 1.08201
 0.52648
 -0.672066
 -1.06825
 -0.700567
 -1.08685
 1.2676
 -0.417699
 0.257587
 1.05998
 -0.75295
 1.52569
 1.18222
 1.28337
 0.491213
 -0.81349
 -1.67852
 -0.715172
 -1.2107
 0.383568
 0.398326
 -0.367794
 -0.321784
 0.153104
 -0.830674
 1.15995
 0.165925
 -0.878206
 0.783803
 0.479414
 -0.490881
 -0.457772
 0.327344
 -0.771777
 -1.60763
 -1.15568
 -1.18458
 -0.000315285
 0.193276
 1.1899
 0.170018
 0.057244
 0.229249
 0.30159
 2.37763
 -0.527526
 -0.744473
 0.113552
 -0.0990348
 0.974599
 1.06325
 0.104098
 1.57265
 1.36549
 0.604468
 -0.383496
 -0.852806
 -0.266234
 -2.08253
 -2.32294
 -1.43372
 -1.25745
 -1.43008
 -2.32359
 -0.659828
 -1.81556
 -1.62024
 0.587526
 -0.948678
 0.725614
 0.121157
 -0.545704
 0.370328
 0.817604
 0.00708467
 1.9731
 0.195575
 1.7434
 0.483297
 0.728537
 -1.53868
 0.373106
 -0.389254
 -1.73303
 -0.214718
 0.647542
 0.617543
 0.373562
 0.683361
 0.613824
 0.649878
 0.253296
 -0.231449
 -0.629825
 0.179927
 0.825864
 -0.134091
 -0.646254
 -1.0867
 0.199359
 0.400391
 -0.604997
 1.85592
 -0.5604
 0.497129
 0.670672
 -0.152997
 1.58959
 0.229523
 -0.017526
 3.12806
 0.749095
 0.738523
 -0.511633
 -1.8681
 -2.65254
 -0.536516
 -0.31412
 0.387748
 -0.00902036
 -0.00806994
 0.674962
 0.649285
 0.449899
 0.776074
 0.153382
 -0.370983
 0.311286
 0.137226
 -0.311129
 0.374436
 0.264399
 0.563679
 1.14311
 0.236585
 1.32808
 1.45787
 2.3518
 1.10049
 1.3117
 1.9084
 1.38278
 0.82564
 0.811124
 -0.552246
 0.193998
 -1.07337
 -0.128168
 -0.883943
 -0.808674
 -0.270157
 0.502073
 1.35635
 0.301051
 -0.628306
 0.288401
 0.390056
 2.11361
 0.185241
 2.34975
 2.14429
 2.0162
 0.994401
 0.540852
 0.13362
 -0.028302
 0.113856
 -0.245559
 -0.674563
 -0.297499
 -0.0201984
 -2.88347
 0.709763
 -0.912055
 -1.09996
 -1.79421
 -0.949116
 -1.03561
 -0.343505
 -1.45576
 -1.5935
 -1.71833
 0.568188
 0.597549
 -1.27482
 0.761515
 0.260881
 -0.333724
 1.61767
 1.63944
 1.95506
 2.29818
 1.16314
 1.2662
 0.59121
 -0.601472
 0.339073
 -0.740691
 -0.456552
 -0.165853
 -1.87028
 -0.369837
 -2.56484
 -1.58292
 -1.39964
 -1.59187
 -0.919933
 -1.42246
 -0.459465
 -1.69163
 -0.0826705
 0.425073
 -0.596764
 -0.315633
 -0.521062
 -1.53573
 -1.96426
 -0.627664
 -0.583805
 -1.83834
 -1.72484
 -1.27656
 -1.04789
 0.100815
 0.886446
 0.514901
 -0.929948
 -0.283113
 0.27272
 -0.193373
 2.51343
 0.762132
 0.306828
 0.574602
 -0.134626
 -1.10379
 -0.688254
 -0.693746
 -0.908353
 -0.0512842
 0.696622
 -1.94176
 -1.90347
 -1.76583
 -1.55105
 -1.78303
 -0.733262
 -0.327324
 0.418606
 -0.430357
 -0.970655
 -0.557277
 -0.313075
 -0.379858
 -1.60108
 -1.36185
 -2.7343
 -0.00135184
 -1.01016
 1.30969
 1.1165
 0.738587
 1.62881
 2.04293
 1.20606
 1.18003
 2.03714
 1.27462
 0.56135
 0.682209
 0.770107
 0.531168
 0.176113
 0.863101
 1.26905
 0.236177
 -1.12319
 -1.38316
 -0.687137
 -1.95819
 -3.11659
 -2.2254
 -0.135713
 -3.01645
 -1.72436
 -2.21004
 -2.16332
 -0.66782
 0.093498
 -1.20249
 0.00475872
 0.0558112
 1.04126
 1.8996
 1.34553
 0.238829
 -0.270266
 -1.30449
 -0.810453
 -0.0961309
 -1.74585
 -0.49949
 -2.21923
 -0.581245
 -1.07001
 1.17605
 -0.920752
 -0.224884
 -1.31958
 -1.10452
 -0.0282118
 -0.0390228
 1.08547
 1.58129
 2.09503
 2.14754
 1.05719
 1.01344
 2.35949
 0.123052
 0.529509
 -1.18275
 0.864917
 -0.460877
 1.69392
 0.623854
 0.20109
 -0.128018
 1.0417
 0.399518
 0.839439
 -0.500077
 0.122716
 0.28719
 1.15661
 0.307184
 -1.80062
 0.451787
 -2.23635
 -0.101235
 -0.976263
 1.63029
 0.292618
 0.0687847
 -0.835607
 -3.01424
 -1.95264
 -1.90505
 -2.3341
 -1.37759
 -1.25959
 -0.690174
 -1.54656
 -0.925265
 0.801889
 -0.999802
 0.249655
 -0.626197
 0.494424
 0.832847
 -0.179406
 -0.543298
 -0.550969
 0.630435
 0.00543857
 0.432747
 -1.56444
 -0.159661
 -0.956941
 -0.236756
 0.0216632
 -0.371964
 1.53616
 0.297429
 -0.550662
 1.13344
 -0.444997
 -0.133365
 -0.204803
 0.13379
 -1.15917
 -0.381443
 -1.18014
 0.316196
 -1.79638
 -1.01614
 0.00205234
 -0.232251
 -1.2588
 0.0868359
 -0.327108
 -1.56892
 -1.31147
 -1.90612
 -1.18215
 -0.991955
 -0.36295
 0.264088
 -0.492231
 -1.8017
 -0.255357
 -0.289002
 -1.08046
 -1.90638
 -2.29387
 -2.91201
 -1.00112
 -2.61395
 -0.423529
 -1.01843
 1.32039
 -0.0474351
 -0.42174
 1.28378
 -0.908153
 0.417273
 -0.151612
 -0.422613
 0.549783
 1.70917
 -0.207554
 0.466463
 -0.455993
 0.650141
 -0.066556
 0.14101
 -0.730824
 -1.56428
 -2.77704
 -2.55613
 -0.898924
 -1.64529
 -0.375573
 -0.0468583
 -0.253357
 0.0498252
 1.31078
 0.473581
 -0.105148
 0.477522
 0.11401
 0.750397
 0.190814
 1.601
 1.05792
 1.52361
 -0.0847309
 -0.791179
 -0.0380311
 0.151073
 0.807321
 1.25534
 0.66038
 1.58507
 1.34997
 0.136203
 -1.04671
 0.79705
 -0.28046
 -0.872154
 -0.891229
 0.0372372
 -1.0966
 -1.03258
 -1.7038
 -0.759813
 -1.01021
 -0.850303
 -1.38529
 -0.540424
 -0.904684
 -0.223376
 -0.864117
 -0.667579
 -1.23736
 -2.63888
 -1.28244
 -2.71786
 -2.25706
 -2.59128
 -2.69378
 -2.83711
 -1.189
 -1.85764
 -0.791326
 -1.88171
 -0.431107
 -0.327292
 -0.945035
 -1.19463
 -1.62025
 -0.734061
 -1.4049
 -0.268254
 0.542088
 -0.961089
 -0.858631
 -2.5193
 -2.47328
 -2.56666
 -0.551635
 -1.85015
 -1.66024
 -1.84387
 -2.63697
 0.224688
 -0.577741
 0.190807
 -0.768215
 -1.32452
 -1.65662
 -0.640267
 -0.54749
 -1.62329
 -0.704254
 -0.770867
 0.906035
 0.774144
 2.56006
 0.685439
 0.523303
 0.614953
 -0.0561278
 1.09145
 0.055283
 -0.579543
 0.0877041
 -0.481055
 2.22443
 1.72792
 0.777714
 1.60028
 0.535575
 -0.374578
 -0.0101903
 -1.42234
 0.740125
 0.0486998
 0.827293
 -0.237385
 0.422435
 1.43685
 1.2709
 0.174132
 1.40225
 0.0685434
 1.12505
 0.922895
 0.348357
 0.517464
 0.155428
 -0.119047
 0.656402
 0.214696
 0.24736
 -0.774727
 -0.071073
 -0.556985
 -2.30456
 -2.12064
 -1.18498
 -1.76468
 0.57449
 -0.351617
 -0.339992
 -0.790485
 0.300248
 -1.40364
 0.193274
 -0.0415526
 0.0624018
 -0.000507738
 -0.0361924
 -1.13105
 -0.539119
 -0.527942
 0.223733
 -0.78405
 -1.20584
 -0.220411
 1.38016
 -0.138846
 0.880722
 1.16781
 1.78786
 0.94621
 1.03452
 0.503984
 0.221419
 0.321189
 0.661805
 -0.0936973
 -0.914401
 -1.10609
 -1.4265
 -0.689516
 -1.30335
 -0.776401
 -0.627127
 0.540793
 0.673675
 2.8736
 2.51033
 2.20381
 1.73874
 0.504318
 1.35757
 0.692166
 0.64546
 0.895098
 1.94562
 0.943751
 0.265566
 -1.0906
 -0.337612
 -0.833696
 0.916782
 0.0581095
 -0.42795
 -0.145078
 0.979437
 1.04599
 1.07878
 0.325251
 0.425018
 -0.699391
 1.63668
 -0.664154
 1.96291
 -0.587706
 0.558768
 0.286208
 0.366867
 -0.890867
 0.732001
 -1.63147
 1.09714
 -0.135691
 1.8385
 1.71322
 1.19684
 0.865641
 1.16715
 -0.100626
 0.690509
 0.822791
 -0.708843
 0.0680181
 1.53597
 0.956719
 0.398439
 -0.278464
 1.69013
 -0.86325
 1.29013
 -1.26311
 -0.11289
 -2.19476
 -0.782131
 -0.838213
 -0.505337
 -0.870652
 -0.641532
 0.68084
 -1.30326
 0.699305
 -0.345423
 0.0917803
 -0.428182
 -0.516166
 -2.66244
 -1.29236
 -2.14632
 -1.21678
 -1.09798
 -0.617136
 -2.01121
 -2.01671
 -2.29515
 -1.33026
 -1.1024
 -0.241435
 -0.62936
 0.489124
 -1.62962
 -0.846136
 -1.86161
 -2.58341
 -1.04811
 -1.20119
 -0.730242
 -0.614613
 0.08148
 -0.802756
 -0.349853
 -0.481894
 0.246392
 -0.511824
 -0.40362
 2.72664
 1.86987
 3.19729
 1.07636
 0.245162
 0.345684
 0.597364
 0.743448
 0.348844
 -0.342991
 1.47565
 0.204265
 1.46207
 0.0362681
 1.70142
 -1.39613
 0.0534061
 -1.24561
 1.55235
 0.37864
 0.460223
 -0.070702
 0.553083
 1.43984
 0.468961
 0.810672
 1.16346
 1.76676
 1.51946
 0.446428
 0.804206
 -0.107384
 -1.20602
 -0.792876
 -1.44571
 -0.444052
 -0.74518
 2.22911
 1.43516
 2.55126
 0.798175
 1.49624
 1.95061
 1.58439
 2.58001
 0.240032
 0.753278
 -0.454527
 -0.234405
 -0.252222
 -0.278774
 -0.620741
 1.46531
 0.399075
 1.33258
 0.307154
 1.48142
 0.393231
 0.780105
 -0.378564
 0.604507
 -0.826727
 -0.565424
 1.27566
 0.292455
 -0.384728
 -0.456524
 0.405488
 -0.662136
 0.0509458
 -0.297944
 1.39828
 0.0658037
 -0.855752
 -1.14224
 -0.575235
 -0.693895
 0.0425027
 0.725415
 0.0138506
 0.409397
 0.0519854
 0.839853
 0.216154
 -0.395029
 0.119183
 -1.08023
 -0.125867
 0.819638
 2.67906
 1.13217
 0.484684
 -0.11841
 -0.455746
 -0.627321
 -0.626649
 -2.06414
 -0.776586
 -1.52344
 -0.176236
 -0.552439
 -1.946
 -1.1211
 -1.69197
 -1.08134
 0.166725
 0.676263
 0.140472
 -0.467094
 -1.39058
 -0.792244
 -1.11081
 -1.79886
 0.114908
 -0.780282
 -1.11149
 -1.13564
 -1.04615
 -0.133353
 0.390538
 -0.0271531
 -0.980713
 -0.231274
 -1.00058
 -0.469616
 -0.418331
 -0.307312
 -1.60394
 -1.56336
 -0.640257
 -0.918047
 -1.48075
 0.367589
 -0.518826
 0.112234
 0.473302
 -0.372977
 -0.39521
 -1.26401
 -0.956944
 0.34036
 -0.0980175
 0.200344
 -0.650065
 -1.39829
 0.0538303
 -1.73709
 -1.06158
 -1.47171
 -2.39323
 -1.04505
 -0.465453
 -0.657189
 0.146386
 -0.49807
 -1.93804
 0.256971
 -0.414809
 0.162702
 0.376841
 0.612292
 -1.03277
 -1.08696
 -0.506561
 -2.09969
 -0.599579
 -2.42588
 -1.09325
 -0.494391
 0.313242
 -1.03866
 -1.83757
 -1.5765
 -0.699133
 0.557259
 1.06019
 1.67081
 0.270215
 0.976887
 0.271636
 0.607593
 -1.25017
 0.99189
 -1.38792
 0.0137776
 -1.13525
 -1.77704
 -1.45924
 -1.25122
 -0.940047
 0.151478
 -0.0503312
 -1.46865
 -1.67813
 -2.20853
 -1.99428
 -0.96177
 -0.968099
 -1.61707
 0.265796
 -2.1146
 -0.942062
 -0.883302
 -1.27219
 -0.636545
 -0.693767
 -0.0868376
 -0.869327
 2.05403
 -0.279091
 0.573546
 -0.292333
 0.744043
 3.07578
 0.796261
 1.60199
 0.931255
 -0.550251
 0.419034
 1.12709
 0.622022
 -1.0269
 0.776317
 -0.970509
 -0.746617
 0.037864
 -0.353461
 1.44541
 0.130221
 1.12647
 0.340812
 0.055406
 -0.555163
 -1.0849
 -0.0617524
 0.469967
 1.12956
 1.30488
 1.4083
 1.80893
 0.76426
 1.78714
 0.168452
 0.315888
 0.700127
 -0.088425
 -0.0623198
 0.8529
 0.380838
 2.44634
 0.790101
 1.22027
 -0.593917
 -0.00584813
 0.0198877
 -0.298761
 0.785548
 -0.94796
 1.41635
 0.821568
 2.14331
 1.57809
 0.45409
 0.528744
 -0.919499
 -0.374426
 -0.883489
 0.219365
 -0.492847
 0.912103
 -1.13545
 1.03548
 -2.13296
 0.295125
 0.585789
 0.864237
 0.37754
 0.297668
 -0.502094
 -0.886246
 0.677298
 0.712279
 0.829346
 1.92175
 0.534528
 0.125396
 0.0883932
 0.638774
 0.438192
 1.07053
 0.767241
 0.88793
 1.01146
 1.03983
 0.597735
 1.62956
 -0.910871
 -0.881215
 -0.57607
 -1.54453
 -1.28185
 1.09412
 -0.766936
 0.161147
 0.180553
 0.28375
 1.47117
 -1.41731
 -0.609545
 0.599781
 -0.0292605
 -0.519463
 0.272129
 -0.774752
 -0.258694
 0.337124
 0.56438
 -0.883109
 0.36384
 -0.879398
 -0.644447
 -1.71235
 -0.140896
 1.18776
 0.724782
 -0.120882
 0.591281
 -0.534845
 -0.739541
 -0.254437
 -0.26061
 -0.529395
 -1.33612
 0.0138054
 -0.0453469
 1.34617
 0.571752
 1.20141
 1.09474
 1.68216
 1.16417
 1.76649
 1.91563
 1.73454
 0.949529
 1.48703
 0.022961
 0.627218
 0.893994
 0.0116855
 0.448806
 -0.774683
 0.0524905
 0.396584
 0.262766
 -0.273636
 0.597174
 0.806935
 -0.0764194
 -0.445655
 0.558237
 0.811708
 1.21439
 1.48891
 1.92428
 2.59627
 1.93964
 2.28221
 0.247756
 1.48478
 -0.114642
 0.30582
 0.422625
 0.659679
 0.199521
 -0.68097
 0.326474
 -0.452643
 -0.381437
 -0.966276
 -0.717128
 -0.692617
 -0.521659
 -0.648897
 -1.19537
 -1.19521
 -2.08426
 -0.664164
 -1.42589
 -0.389008
 -1.01481
 -0.256181
 -0.145653
 -0.807796
 -0.0649625
 -1.54714
 -1.98278
 -0.829064
 -1.12471
 0.494396
 2.14342
 2.48545
 1.101
 0.245681
 0.86773
 -0.00283885
 0.334546
 -0.185736
 0.418052
 0.813459
 1.16878
 -0.902625
 0.650452
 -0.25931
 1.26875
 0.0202702
 1.75115
 0.628349
 -0.141173
 -0.565934
 -0.724129
 -2.17114
 -3.0618
 -2.92456
 -1.50846
 -0.989129
 -1.33951
 -0.50657
 0.266626
 0.0280639
 -1.09329
 -0.728745
 -1.36321
 -1.07381
 -3.19517
 -1.91259
 -4.48362
 -0.135865
 -0.552965
 -1.23252
 0.467855
 -0.147903
 -0.105706
 0.297324
 -1.32625
 -0.379518
 -1.44096
 -1.53071
 -0.0388153
 -1.20468
 2.21299
 -0.636223
 0.190407
 -1.22069
 -1.07071
 0.684282
 -0.552767
 1.30533
 0.671545
 2.93548
 2.03076
 1.54618
 0.271214
 0.826721
 -1.42051
 -0.896808
 -1.73245
 0.215186
 -1.82239
 -0.666828
 -2.19593
 0.597645
 0.94708
 0.124612
 0.742202
 -0.88301
 0.215065
 -1.27991
 -0.991822
 -1.74301
 -0.516746
 -1.55313
 -0.617919
 -0.983761
 -0.953032
 -0.415097
 -1.36534
 -1.59025
 -0.881365
 -0.600391
 0.871916
 0.394533
 1.15589
 0.516989
 1.11459
 0.274292
 0.397276
 0.484891
 0.195018
 1.01128
 0.596704
 0.650366
 -0.0935365
 0.025315
 0.0585873
 -0.0556878
 0.420769
 1.0255
 0.185683
 0.491202
 2.1336
 1.42484
 0.817533
 0.518516
 -0.858885
 0.297518
 -0.207593
 -0.516469
 -0.2097
 0.46098
 -0.164429
 -0.860948
 0.694281
 0.739388
 1.77282
 1.65562
 1.28897
 2.20669
 1.85066
 -0.135379
 0.925904
 -0.206658
 0.972922
 0.39005
 1.46924
 1.76332
 1.32549
 -0.926672
 0.450891
 1.42251
 0.671426
 -0.543558
 0.833327
 -0.213205
 -1.15175
 -0.17441
 -0.518949
 -0.111146
 0.60599
 1.10169
 -0.586394
 0.541763
 -0.438087
 -0.473437
 -1.0052
 -0.169161
 -1.4359
 -0.370945
 0.533405
 -0.599212
 -0.904071
 -0.841925
 0.977513
 0.514499
 -0.0838483
 -0.49374
 -1.89069
 -0.578523
 -0.374506
 -0.805831
 1.85078
 2.41936
 1.14206
 1.31682
 0.843388
 0.829521
 0.624815
 0.8431
 0.59473
 1.23621
 -0.281863
 1.37632
 0.621846
 0.141742
 0.712289
 -0.958378
 -1.08015
 -0.795029
 -0.420688
 -1.32625
 0.31084
 -1.85918
 0.885761
 -1.20482
 -1.4361
 -0.226372
 -0.19914
 -1.56716
 -1.09732
 -0.190512
 -0.905522
 0.660742
 1.09422
 3.31178
 2.67948
 1.68237
 0.16922
 1.07367
 -0.102581
 -0.869547
 -1.64672
 -1.57286
 -0.920028
 0.181868
 0.0967232
 -0.64474
 -0.262681
 -0.937821
 0.0195974
 -0.212515
 0.482485
 1.04683
 1.51807
 -0.420932
 -0.337656
 -0.549059
 -0.866305
 -0.0989255
 0.0339953
 -0.024385
 1.0079
 0.932481
 1.1794
 1.1585
 1.03711
 1.42689
 1.08437
 1.70414
 0.501813
 -1.60016
 -1.15735
 -0.606506
 -0.454563
 -0.769761
 0.315933
 1.35098
 0.148462
 0.40855
 1.19168
 -0.429413
 -0.932811
 -1.04728
 -0.357621
 0.697138
 -2.45375
 -1.47467
 -2.2345
 -0.605631
 -1.19484
 -1.42257
 -0.382071
 -0.550251
 0.271255
 -0.355689
 -1.09077
 0.209987
 0.936773
 1.2813
 0.458165
 1.1131
 2.17365
 1.48042
 1.68164
 0.517472
 1.60845
 -0.441961
 2.25707
 1.5269
 0.464267
 0.656189
 1.94012
 0.0879772
 1.3238
 0.572049
 -2.49467
 -0.619766
 -0.194513
 2.17572
 0.572191
 1.75788
 0.659652
 1.69165
 1.06051
 0.0547676
 0.690625
 0.353043
 -0.0272387
 -0.222493
 0.645696
 -0.754943
 -1.01387
 1.32065
 0.322483
 0.927479
 0.0960813
 0.373963
 0.317224
 -0.223971
 0.991168
 -1.40133
 -0.728113
 -0.838071
 -0.528138
 -1.88595
 -0.189823
 0.458701
 0.705996
 0.193805
 -1.32586
 0.826709
 -0.46019
 0.812729
 0.690843
 0.826597
 1.42115
 -1.12975
 0.775633
 0.315996
 0.345485
 -0.72445
 -0.364346
 -0.352907
 -0.0349439
 -1.39198
 0.429807
 -1.23554
 -0.769212
 -1.35406
 -0.883122
 -1.87459
 -1.95669
 -1.58779
 -2.45206
 -1.72285
 -2.68015
 -0.967327
 -1.05925
 1.40898
 -0.115946
 0.261262
 -2.28487
 -1.56353
 -2.82234
 -0.312928
 -1.99115
 0.648096
 -0.312219
 -0.607245
 -1.87962
 -1.83011
 -0.692886
 -0.374936
 -1.25509
 0.285658
 -2.44432
 -0.342901
 -0.321484
 -0.340547
 1.02028
 0.692899
 -1.13168
 -0.896925
 -0.406392
 0.454935
 -0.687298
 0.0617436
 -0.278784
 0.525076
 -0.291012
 -0.0965195
 -2.04609
 0.136721
 -0.115729
 1.17138
 0.327272
 0.493994
 0.376999
 -0.234578
 -0.930831
 -2.58179
 -1.03671
 -0.725616
 -0.573718
 -0.220343
 1.86198
 -0.0264812
 1.44194
 -1.26033
 0.680396
 0.17518
 0.964135
 0.562617
 2.07316
 1.00849
 1.50155
 -0.526834
 1.12154
 0.341677
 0.597474
 -0.613873
 1.04727
 0.0835794
 0.903952
 0.960802
 0.906764
 0.330745
 1.40117
 -0.018824
 -0.353179
 0.710097
 0.387584
 -0.0560282
 0.215546
 0.549567
 0.0250894
 -0.17486
 0.582138
 2.23428
 1.87571
 0.918063
 -0.307196
 -2.40039
 -0.115461
 -1.90056
 0.305041
 -1.55709
 -0.823427
 -1.42924
 -0.378148
 0.360707
 0.224803
 1.17712
 1.19327
 1.10771
 1.04027
 -0.0826667
 -0.189814
 0.423292
 -1.7156
 -0.870475
 -0.110572
 -1.2661
 -0.441102
 0.659209
 -0.929425
 0.958081
 1.59266
 1.64389
 2.02405
 0.539372
 0.275925
 -0.615982
 -1.16211
 -2.07435
 -1.90106
 -0.930609
 -1.22912
 -1.53478
 -0.61907
 -0.0991495
 1.01938
 0.857387
 0.479026
 0.757602
 -1.59868
 0.087832
 -1.56854
 0.0572371
 -0.0037418
 -0.244365
 -0.612008
 0.122887
 1.92598
 0.867758
 1.57061
 2.06471
 2.36761
 1.44317
 2.46232
 1.59407
 1.63581
 1.34958
 2.05223
 1.63615
 0.555097
 -0.274253
 0.857221
 1.21172
 1.13385
 1.17565
 2.18201
 0.124812
 0.803377
 -2.47839
 -0.60847
 -1.35042
 -1.33023
 -0.435141
 0.198107
 -0.444362
 -0.902198
 -1.71415
 -1.87959
 -1.34117
 -2.12962
 -2.11929
 -0.805923
 -1.33947
 -0.466013
 0.0496379
 0.0326469
 0.806271
 -0.0186594
 -0.275533
 -0.828083
 -0.0932465
 -1.93563
 0.85646
 -1.04144
 0.682869
 -0.211145
 2.34416
 0.736725
 0.995861
 0.194271
 1.09628
 0.117261
 0.603323
 0.796804
 2.28284
 0.489296
 1.09065
 -0.235272
 1.40829
 0.143043
 -0.355396
 0.00108882
 -0.0923805
 -0.381418
 0.0824143
 1.23974
 0.889586
 0.344152
 0.172341
 -0.840082
 -0.61899
 -0.710772
 0.483967
 2.33702
 1.03633
 1.76535
 2.67977
 1.27091
 1.81724
 1.45581
 1.94809
 -0.910612
 -0.107633
 0.763122
 -0.736894
 -0.270367
 -1.10316
 0.486605
 0.543063
 -0.647602
 0.484979
 0.539391
 -1.59609
 0.853062
 -0.482214
 -0.713332
 0.81459
 -0.0151367
 0.508559
 -0.899589
 -0.00695124
 -1.60175
 -1.20495
 -0.497049
 -1.02151
 -0.22687
 0.471651
 0.718575
 0.822343
 0.9732
 0.763027
 2.15226
 1.02749
 0.763712
 0.803903
 -1.08465
 -0.685777
 0.842944
 0.976895
 1.36992
 1.83363
 0.377435
 0.207238
 -0.144052
 0.172286
 0.628372
 0.0680619
 -0.142769
 -0.780164
 -0.164178
 -0.0012545
 -0.379644
 0.120898
 -1.19517
 1.01997
 0.100814
 -0.857335
 -0.495404
 -0.939659
 -0.710956
 -0.182737
 -1.50989
 -0.928642
 -2.4856
 -1.59535
 -3.27128
 -2.25678
 -1.67188
 -0.514426
 0.534236
 -0.938924
 -0.460028
 -0.173538
 0.00986571
 -0.108657
 -0.231467
 1.97376
 3.16849
 2.39351
 1.74994
 0.764309
 -0.755226
 0.256262
 1.64055
 0.384409
 0.117711
 -0.481416
 0.707242
 -0.702823
 0.23694
 -0.25721
 -0.337347
 0.0222459
 -0.785297
 0.818807
 -0.268392
 -0.486135
 -0.660129
 -1.57216
 -1.65173
 -0.745713
 -0.950959
 -1.53821
 -1.21926
 -0.470149
 1.17589
 1.15853
 2.75065
 1.87878
 3.31005
 2.7194
 1.07653
 1.39708
 0.0456126
 2.0062
 2.23349
 2.56274
 2.3655
 1.61355
 2.36768
 1.1828
 2.97549
 1.31867
 0.972403
 0.759907
 1.44249
 0.890419
 1.37129
 -0.978847
 -0.218177
 0.69928
 -0.979512
 1.05839
 0.217607
 1.41579
 0.701639
 1.44534
 1.67672
 3.15693
 0.910583
 2.74287
 0.736095
 0.761984
 0.777688
 0.452471
 0.613268
 1.46287
 1.03548
 0.377936
 -0.705146
 -0.146837
 -0.554213
 -0.203519
 0.634499
 0.281158
 1.85484
 1.33761
 1.39564
 0.729781
 -0.976889
 -0.0453014
 0.18505
 -0.279714
 -0.751952
 0.779013
 -0.356475
 0.0306373
 0.32535
 -0.132161
 0.357635
 0.0854109
 -0.197922
 0.758523
 -0.243999
 -0.127981
 -0.0838821
 -0.827641
 -0.220911
 -1.44004
 -0.67697
 -0.576033
 -0.810679
 -0.426234
 -0.312989
 -1.52216
 0.0877238
 -1.66496
 -0.430553
 -0.571491
 1.35159
 0.419691
 2.34079
 0.988791
 0.118577
 -0.838636
 -1.48906
 -0.442223
 0.662568
 -0.327018
 -1.03331
 -1.23263
 -1.73342
 -0.171378
 -0.538874
 0.457199
 -0.351967
 -0.230518
 -0.185471
 -0.148745
 -0.854924
 -0.103749
 0.108155
 0.16422
 0.416532
 1.63589
 1.45347
 0.415111
 0.0153109
 0.32866
 1.47229
 1.24184
 0.854973
 0.616533
 0.865455
 -0.298311
 -0.256228
 0.779383
 0.698869
 0.231395
 -1.14047
 -1.34163
 -1.2324
 -0.0721696
 -0.211608
 -0.0160476
 -1.44954
 -0.059551
 -1.25416
 -0.208326
 -1.30128
 0.857938
 0.181197
 1.79063
 -0.54388
 0.946803
 0.926517
 0.0605671
 -0.550421
 -1.34371
 -1.2667
 0.43988
 1.26108
 0.458537
 -0.800161
 1.16601
 -0.95378
 1.20308
 -0.461358
 -0.353579
 -1.23175
 0.68109
 -0.749868
 0.504548
 -2.15741
 -1.34226
 -0.624018
 -1.20833
 -0.698324
 -0.756955
 0.057624
 -0.775924
 0.110835
 -0.945955
 -1.25678
 0.412116
 -0.300547
 -0.71025
 -0.386368
 0.126018
 -0.494878
 0.0822759
 0.588959
 0.857636
 0.895561
 -0.486675
 0.406407
 -1.62247
 -0.287103
 -1.03996
 -0.655514
 -1.35278
 -0.875434
 -0.583012
 -1.40659
 -0.550771
 -0.421335
 -0.155157
 -0.960685
 -0.958263
 -0.224729
 0.0347691
 -0.25885
 -1.40354
 -0.891501
 0.729491
 -1.12822
 -0.514532
 0.22221
 0.727868
 0.316185
 -1.12747
 -0.580371
 -0.34967
 -0.253996
 0.800495
 -0.104428
 -1.02256
 0.438319
 0.315573
 0.946471
 0.666305
 -0.534294
 0.149532
 -0.760986
 -0.0144978
 -1.5606
 0.034386
 -1.96602
 0.00583744
 -0.8999
 -1.50976
 -0.823834
 -2.68039
 -1.8885
 -2.68463
 -1.7846
 -0.864598
 -2.60578
 -0.976581
 -1.83256
 -1.91885
 -2.724
 -2.8751
 -1.15862
 -0.305224
 0.020195
 -1.42414
 -1.10319
 -0.270754
 -0.994666
 -0.492298
 -1.90632
 -1.08636
 -2.66863
 -0.0457531
 -1.6851
 -0.247166
 -0.696253
 -0.784929
 0.143715
 -0.83824
 -0.455384
 -1.73685
 1.62867
 1.22919
 2.26923
 1.24329
 0.899043
 0.983447
 1.14091
 0.884989
 -0.00599431
 -0.90057
 -0.420465
 -0.211419
 0.112323
 1.07942
 -0.596074
 1.08269
 -0.404236
 -0.63568
 0.316337
 0.348571
 0.202848
 0.119272
 -2.25821
 -0.224396
 -1.14514
 -1.46145
 -0.251119
 -1.74184
 -0.0444855
 0.366954
 2.27164
 1.80922
 0.302693
 2.07519
 -0.61573
 1.25675
 1.2603
 -0.418914
 0.134812
 -0.253494
 1.33551
 -0.710342
 0.724465
 -1.7955
 -0.643306
 0.601349
 -0.598861
 -1.80466
 -1.59319
 -1.76178
 -1.44213
 -1.2374
 -1.75608
 0.479278
 -0.976512
 1.23624
 -0.980859
 0.166946
 0.818169
 1.65074
 1.30001
 1.08038
 -2.02763
 0.529376
 1.26517
 -0.167671
 0.0713377
 -0.228726
 -0.317691
 -0.400118
 1.00093
 1.03924
 1.50162
 1.74354
 2.0982
 3.34969
 3.10413
 2.79929
 3.37506
 2.09311
 2.05214
 0.869587
 1.91017
 0.373729
 0.568592
 -1.64571
 -1.47956
 -2.22663
 -0.663585
 -0.108223
 0.218056
 0.184896
 -0.109042
 0.871926
 1.71723
 1.65077
 2.39987
 1.38595
 0.196746
 0.618076
 0.450399
 0.052987
 0.653278
 -0.723037
 1.39648
 -0.426704
 -0.132353
 -0.0758727
 -0.605056
 0.479834
 -1.6519
 -0.388884
 0.155508
 2.34271
 1.88098
 1.36379
 1.24118
 1.2738
 -0.507012
 -0.0269804
 0.226414
 0.540996
 -0.146111
 -0.852635
 -0.212336
 -0.66035
 0.10203
 0.185106
 -0.786431
 -0.556872
 -0.923241
 -0.546514
 -2.26116
 -0.666754
 -2.00148
 0.136568
 0.144605
 1.30093
 0.360732
 1.68388
 1.09586
 1.34864
 -1.28626
 -1.64831
 -1.37206
 -0.808853
 -0.980183
 0.583128
 -1.1077
 -0.815677
 -0.309757
 -0.0267632
 -1.56694
 0.486499
 -1.10179
 0.706696
 -1.09123
 0.0505463
 0.622348
 0.963389
 0.983218
 0.25138
 -0.320464
 -0.828168
 -1.88903
 -2.01536
 -2.41157
 -1.74666
 -2.42194
 -1.52876
 -1.37685
 0.0210967
 -2.29263
 -0.796513
 -2.63101
 -1.22872
 -1.40405
 0.101058
 -0.91348
 -0.47587
 -0.500428
 -1.62019
 -0.272316
 -1.00417
 -0.32331
 -0.572358
 -0.929009
 -2.49127
 -0.52146
 -1.01452
 -0.178941
 -0.374815
 0.205982
 0.725747
 0.453878
 -0.384032
 -1.6948
 -0.496109
 -0.844581
 0.480331
 0.579896
 -1.35952
 -0.417798
 0.339373
 0.0151991
 -0.890719
 1.59669
 0.0604263
 0.00249959
 -0.415396
 0.891536
 1.85975
 2.41696
 2.27117
 2.32121
 1.12366
 -0.110783
 1.52792
 2.16247
 0.402053
 1.35407
 0.832193
 2.54279
 1.9882
 0.720191
 1.41535
 1.2339
 2.41012
 2.19807
 2.65514
 2.91666
 2.10964
 2.60546
 1.44593
 0.231922
 0.974211
 0.303207
 -0.223314
 0.708911
 0.249129
 0.872173
 1.60335
 0.814895
 1.41954
 1.49642
 -0.021251
 -0.735775
 -0.896333
 -1.61426
 1.19025
 1.38524
 1.31501
 0.607697
 1.51566
 1.59882
 0.522465
 0.330217
 0.416568
 0.82129
 1.75871
 1.9596
 2.16962
 1.10622
 0.866985
 1.06583
 3.48755
 2.95274
 1.8848
 0.321335
 0.515097
 1.27045
 1.50686
 -0.42508
 1.13881
 0.29329
 0.529316
 1.16789
 1.17058
 1.0149
 -0.0482183
 0.222023
 -0.169371
 0.825693
 -1.75426
 0.428074
 0.184267
 1.48001
 0.637477
 1.95251
 -0.336472
 0.753331
 -0.0606553
 1.73204
 1.01157
 -0.338458
 0.31694
 0.902024
 -0.64853
 -0.951318
 -0.212473
 0.701475
 1.13803
 0.669403
 0.648304
 1.00268
 2.34872
 1.19129
 0.547572
 -0.929238
 -0.952754
 -1.05818
 -1.31299
 -2.00683
 -2.06501
 0.348812
 -0.0565083
 1.42769
 1.42563
 2.41704
 1.01009
 0.63514
 -0.610862
 -0.000639787
 -1.94199
 -0.128817
 -0.195485
 -1.45717
 0.824071
 0.209583
 -0.104149
 -0.480075
 0.757309
 0.172497
 1.62857
 -0.652969
 -0.142304
 -0.760171
 -2.38961
 -0.250096
 -0.594447
 -0.415538
 0.386583
 0.463967
 1.98106
 1.79666
 2.87772
 2.27062
 1.52345
 0.499827
 1.9418
 0.863697
 1.19542
 -0.54795
 0.574374
 -0.602004
 -0.847192
 0.117562
 1.89157
 0.495869
 1.79888
 -0.304509
 0.841363
 0.335614
 -0.588873
 -0.905231
 -2.52259
 -1.87267
 -1.19163
 0.419799
 0.0426204
 0.361362
 1.30338
 1.21468
 1.62076
 0.119752
 0.245746
 0.810454
 1.02752
 1.24648
 1.23239
 -0.247953
 0.128542
 -0.616764
 -0.643515
 0.00108252
 0.663969
 -0.29951
 -1.29091
 -0.129369
 -0.124161
 -1.39081
 -1.38784
 -0.237339
 -2.01182
 -0.688383
 -1.61895
 -0.343056
 -0.102983
 0.317362
 -0.108527
 1.76524
 -0.289772
 -0.735269
 -1.28495
 -1.38846
 -0.88464
 -0.676914
 -0.193636
 0.126675
 -1.18334
 1.6264
 0.658878
 1.37637
 1.77402
 0.508798
 -0.550549
 -0.151294
 -0.3886
 0.71948
 -0.119004
 1.59382
 0.769833
 1.77078
 -1.15477
 0.118435
 -0.660118
 -0.392104
 -1.69216
 -0.983973
 -1.97136
 -0.207201
 -1.38191
 -0.519296
 -2.10564
 -0.237694
 0.0032459
 -1.01926
 -1.68713
 0.301327
 -0.736479
 0.154302
 -0.364539
 0.129097
 -0.194649
 1.55804
 0.397982
 1.09329
 0.429701
 2.57645
 0.690495
 2.45615
 0.842277
 1.6393
 1.49609
 1.63093
 0.204231
 -1.10197
 1.80078
 1.13839
 1.41169
 -0.504172
 0.719436
 0.281866
 0.955808
 1.20276
 1.0009
 -0.327267
 1.05532
 -0.776686
 0.0131595
 -0.607567
 -0.668157
 -1.03086
 1.65228
 -2.34021
 -0.280152
 -2.65712
 -1.44394
 -3.68537
 -1.87277
 -1.87424
 0.176672
 -1.04573
 0.179232
 0.32354
 -0.322264
 0.956053
 0.567828
 0.0913659
 0.0151704
 0.339038
 2.49493
 1.52315
 1.65473
 1.0191
 0.692677
 0.630064
 -1.48241
 -0.575641
 -1.96918
 -1.65935
 -3.33691
 -2.09797
 -2.12658
 -1.38507
 -1.02807
 -1.33057
 -0.144179
 -0.222248
 -0.952769
 -1.24513
 0.527615
 -0.781583
 0.963173
 -0.0828796
 0.227125
 0.901965
 -0.0868818
 -0.58204
 0.357628
 0.589826
 0.314474
 0.148886
 -0.319573
 1.08749
 -1.59072
 0.471004
 0.184198
 1.19988
 -1.40331
 -2.16304
 -2.59258
 -1.29633
 -1.97865
 -1.69514
 -2.59249
 -1.48754
 -1.73937
 -1.37676
 -0.408518
 -1.4899
 0.436646
 -0.862548
 0.409226
 0.105021
 0.950153
 0.97048
 0.103089
 -0.338531
 -0.215222
 0.099187
 0.0741913
 -1.07643
 1.01811
 0.648805
 1.7403
 1.15894
 1.07072
 0.317318
 -0.386093
 0.846566
 0.330218
 -1.05856
 0.270941
 0.553486
 -0.421194
 0.190323
 -0.162486
 -0.789431
 -0.36392
 -1.54147
 -0.0439155
 -0.384108
 0.444118
 0.08696
 1.80252
 -0.915495
 -0.171737
 0.0656138
 -2.2068
 -0.985996
 -1.97001
 0.693044
 1.30933
 0.360513
 0.334911
 -0.319811
 0.869657
 -0.865927
 1.83845
 0.826783
 1.34839
 -0.82605
 1.28752
 -0.374769
 0.990793
 -0.375968
 2.149
 -0.185377
 0.558693
 0.554524
 0.14207
 0.972291
 0.977112
 -0.233532
 0.098155
 0.0350342
 -0.852356
 -1.07916
 0.826657
 -1.39149
 -0.60551
 -1.81641
 -1.58946
 -1.7232
 -2.12818
 0.00418944
 0.149315
 1.70899
 2.89962
 1.86054
 1.81582
 2.0554
 1.49421
 1.03256
 1.56964
 1.0716
 2.07956
 0.718865
 2.29559
 1.07111
 2.13211
 1.62484
 1.56963
 0.461228
 2.04218
 -0.381914
 0.462399
 -0.78124
 0.504105
 1.06894
 0.298398
 0.0418397
 0.230483
 -2.21463
 -1.55241
 -2.50506
 -2.03801
 -1.70632
 -1.60278
 -1.83166
 -2.39049
 -1.20208
 -1.49109
 -0.527085
 -1.16217
 -0.712288
 -0.353816
 -1.44841
 -0.840504
 -2.26553
 -0.198005
 -0.980909
 -0.540659
 -0.0962005
 0.270563
 0.262899
 0.53218
 0.592077
 0.957495
 0.722446
 -1.12399
 -0.438997
 0.0139654
 1.02431
 0.0394327
 0.320531
 -0.530222
 -0.285487
 0.273459
 0.807273
 0.536114
 -0.356459
 0.0858945
 1.82008
 1.37831
 0.810393
 0.896041
 1.62883
 1.25137
 3.05294
 0.585428
 0.161278
 -0.0353472
 1.05924
 0.621917
 -0.326504
 -0.677705
 -0.977349
 -1.29112
 -2.52886
 -1.33037
 -1.37914
 -0.479934
 -0.22017
 0.0598664
 -0.79553
 -0.820244
 -0.966243
 -1.95291
 -1.84121
 -0.272349
 0.229204
 0.941042
 -0.327711
 -0.0686716
 0.257779
 0.613468
 1.05604
 0.559637
 0.771292
 -0.552751
 0.0222138
 -0.896383
 -0.180412
 -0.766051
 -0.196553
 -1.60613
 -1.40497
 -1.14185
 -0.966
 -2.10368
 -1.82734
 -2.324
 -1.75239
 -1.6828
 -0.706487
 -1.19901
 -0.291849
 -1.34639
 0.297857
 -1.25467
 -0.766532
 -1.58171
 -0.810553
 -0.00687448
 -1.58902
 -0.965039
 -0.635455
 0.471822
 1.80684
 0.644008
 1.09707
 0.457353
 0.577313
 -0.466226
 -0.537232
 -1.53227
 -0.390887
 0.513244
 0.970417
 -0.158032
 -0.640654
 -0.989918
 0.308015
 -0.0922263
 -0.750655
 -1.26743
 -0.406675
 1.21714
 0.260906
 2.96855
 0.222736
 0.907892
 -0.045808
 0.448095
 1.26562
 0.0645534
 -0.356109
 0.678321
 0.637155
 -0.507339
 -0.181602
 -0.384729
 -1.93372
 -1.93241
 -0.439407
 -1.29367
 -0.994524
 -0.638963
 -1.63418
 0.384474
 -1.11898
 -1.20623
 -1.8439
 -2.22214
 -1.18216
 -0.865208
 -0.923099
 -0.028593
 -0.413105
 -1.70251
 -1.00208
 -1.28458
 -0.766069
 -1.24251
 -1.80498
 -1.0945
 -0.880828
 -1.04789
 -2.33765
 -2.79751
 -0.850085
 -2.79343
 -0.45121
 -0.566926
 -0.308056
 0.47691
 -0.216093
 -1.40634
 -2.74663
 -0.547648
 -1.33268
 0.587943
 0.856675
 -0.256693
 -0.730614
 -0.299778
 -0.067311
 -1.56569
 -0.766763
 -2.81982
 -1.36121
 -1.16049
 0.622016
 -0.227782
 1.06753
 -0.13289
 0.68874
 0.700359
 -0.49858
 -1.34737
 -0.370257
 -0.798667
 -0.615455
 -0.0877565
 0.582133
 -0.338231
 -0.151777
 0.00800322
 1.43405
 -0.421449
 -0.0652646
 -0.0912512
 0.644935
 -0.459158
 -1.15173
 -1.27326
 -1.67136
 -0.858669
 -0.690426
 0.619007
 0.379591
 -0.779402
 -0.809
 -0.496584
 -0.301347
 0.470617
 -1.17072
 0.385365
 -0.187127
 0.715706
 1.45452
 -0.591533
 0.774293
 0.355251
 0.0740509
 0.92086
 2.52142
 2.12953
 1.96076
 0.868887
 1.4199
 1.89898
 0.371328
 0.938139
 0.505179
 0.671041
 0.280474
 1.64291
 1.31249
 1.36432
 0.257233
 0.881017
 -0.627498
 0.697012
 -0.994985
 -0.482463
 1.21472
 1.16876
 0.00697574
 1.35487
 1.44907
 2.34218
 1.94577
 2.10557
 2.83156
 3.02431
 -0.512551
 2.7574
 0.235744
 -0.323328
 1.92477
 0.880662
 -0.258432
 0.980451
 -0.365788
 0.0153744
 -2.80032
 -1.73019
 -1.42583
 -0.71757
 -0.833312
 1.04136
 0.763513
 0.803183
 1.97204
 1.30842
 0.638353
 -0.76007
 0.140134
 0.114841
 1.12812
 0.187508
 1.76469
 1.20155
 1.80715
 0.676735
 0.776771
 0.964071
 -0.095378
 -0.278804
 0.320031
 0.18082
 0.987425
 0.576629
 0.0848522
 1.57372
 0.491612
 0.483691
 0.122986
 0.906341
 -2.38544
 -0.675334
 -2.11745
 -0.794474
 -0.54084
 -1.98996
 -0.816425
 -1.67636
 -1.48871
 1.16358
 0.87883
 0.424284
 -0.836506
 -0.100141
 -0.786955
 0.245926
 0.695229
 -0.153887
 -0.199924
 -0.104366
 0.0856639
 -0.42963
 1.45688
 0.210525
 -0.450111
 -0.554573
 0.162887
 -0.543849
 -0.547783
 -0.133784
 -0.79027
 -0.190676
 -0.575524
 0.55058
 -0.474931
 -0.00788757
 -0.553953
 -1.57209
 1.22349
 -0.500218
 -0.385652
 0.287027
 -1.0223
 -1.3788
 0.881111
 -1.27694
 0.259897
 0.921517
 0.0337789
 1.71205
 0.570725
 -0.618926
 0.857631
 1.07714
 1.67728
 0.389656
 0.793749
 0.556878
 1.61272
 1.46277
 0.832517
 1.8826
 2.36161
 0.784788
 -0.524054
 -1.20734
 -0.568323
 -2.97085
 -2.17165
 -1.4102
 -0.877075
 -0.61518
 -1.7981
 -3.47248
 -3.06106
 -2.82691
 -2.86529
 -3.41007
 -2.90112
 -4.70831
 -4.32289
 -2.94141
 -1.41847
 -0.571243
 1.12385
 -0.817374
 -1.12738
 -1.98646
 0.209702
 -0.685441
 0.795115
 0.232089
 1.26019
 -0.449998
 -0.441856
 -0.306403
 -0.440465
 -0.311913
 0.054453
 -0.382612
 -0.695232
 -1.2783
 -0.46808
 -0.881331
 -0.449138
 0.194532
 1.07927
 -0.411201
 1.3143
 0.710527
 1.04513
 0.4341
 0.459555
 -0.584401
 1.37178
 2.00987
 1.07502
 0.728889
 2.13721
 2.42885
 0.136107
 1.44217
 -0.941
 -0.465404
 -1.81719
 -0.853237
 -0.536255
 0.183986
 -0.33204
 -0.0783413
 -1.66657
 -0.242704
 -0.581575
 -0.548968
 0.30517
 1.18202
 -0.14289
 -0.840428
 1.17424
 0.388757
 0.0858148
 -0.0990831
 0.136339
 -1.12681
 -1.58739
 -2.1379
 -1.60596
 -1.50579
 -0.994962
 -1.77285
 -1.77175
 -1.18132
 -0.33257
 -0.834537
 -0.79821
 1.24001
 -0.0687877
 -0.152316
 1.98798
 1.54308
 1.99041
 2.00951
 1.92839
 1.55206
 0.996767
 0.229126
 1.27206
 -1.26788
 0.843192
 0.23742
 0.548154
 0.998939
 -0.65862
 1.60885
 0.227744
 -0.199038
 -1.0139
 1.3518
 -1.43433
 2.02734
 0.304064
 0.7718
 -0.778754
 1.1429
 0.388628
 0.217889
 -1.18226
 -0.87341
 -0.965008
 0.413262
 -0.313163
 0.909219
 0.260986
 -0.349911
 -0.563871
 -0.231183
 0.0994382
 -1.51227
 -0.841075
 -0.885848
 -0.302609
 0.689206
 -0.189039
 0.399264
 -0.0818044
 1.01576
 -0.0714119
 0.843292
 -0.207699
 2.50191
 -0.421914
 0.398147
 -0.169913
 0.181684
 -1.19516
 -0.17879
 0.924317
 0.0626562
 0.767874
 -0.0177495
 1.32209
 0.576681
 1.75162
 0.935435
 2.04703
 2.06017
 1.29505
 0.404359
 0.102954
 -0.845709
 -0.942518
 0.538998
 -0.209821
 -0.401212
 -1.32522
 -0.594293
 -0.518869
 -0.66881
 0.49229
 -1.96491
 -0.298613
 -1.80614
 -2.43587
 -2.35238
 -0.790124
 -0.620599
 0.724846
 -0.841486
 1.10349
 0.125716
 0.462092
 -0.857384
 -1.36339
 0.0485047
 -0.533831
 -0.541001
 0.516785
 0.832471
 0.183602
 -1.14508
 -0.947407
 -1.74236
 -0.549151
 -1.36618
 -0.443294
 -2.25228
 1.51569
 0.124742
 0.690482
 -0.55843
 -0.400058
 0.159675
 0.0869611
 1.1996
 -1.06023
 -1.52443
 -1.89563
 -1.86917
 -0.364069
 0.259822
 -0.252235
 0.341831
 0.0365511
 0.539417
 -1.08803
 -1.13211
 -2.14973
 -1.75262
 -1.71393
 -0.933444
 0.925417
 0.541578
 1.21275
 1.77236
 -0.429456
 1.22138
 0.211096
 0.225861
 -1.16046
 0.545694
 -0.232043
 0.822115
 0.110356
 1.39869
 0.607678
 1.06687
 0.0106484
 -0.496067
 -0.26725
 -0.91873
 0.615346
 -0.293224
 0.0469863
 0.00132832
 0.846925
 -1.15265
 0.805297
 0.468022
 -0.476627
 0.102501
 1.29307
 -0.347923
 0.256135
 -2.44132
 0.110387
 -0.804862
 0.783508
 0.645365
 0.376435
 0.656829
 0.281141
 -0.514002
 0.29919
 -0.484588
 0.0629672
 0.715512
 0.612995
 -0.481608
 1.84412
 0.286462
 1.01111
 2.18774
 0.526378
 1.8322
 1.44142
 -0.0745139
 0.315166
 -0.0451965
 1.51951
 -0.202121
 0.72886
 0.0298087
 1.31942
 0.56867
 2.23525
 0.970764
 1.21919
 1.39633
 0.522701
 0.519838
 0.228136
 0.073882
 -0.733082
 -0.306397
 -0.25588
 0.978027
 1.21811
 -0.3799
 -0.925775
 -0.609768
 0.613638
 0.160017
 0.438249
 -0.671362
 -0.304684
 -1.08932
 -0.756308
 0.358453
 0.285655
 -0.554352
 0.151239
 0.427261
 2.84755
 2.17564
 0.643498
 -0.236413
 -0.59968
 -0.171537
 -0.201604
 0.689973
 0.564639
 0.371659
 0.369873
 1.38677
 0.227639
 -0.553347
 0.505697
 0.147044
 1.17992
 0.757525
 1.08953
 0.0421949
 0.426103
 1.70381
 2.94409
 1.36368
 -0.115438
 0.965041
 -0.707943
 0.544454
 -0.487456
 1.25913
 0.434815
 0.662837
 -1.12387
 -0.738786
 -1.49297
 -0.87775
 -0.765011
 -1.21378
 -1.44712
 -2.15517
 -1.55909
 -2.93636
 -2.1749
 -3.02397
 -1.18964
 -0.320378
 -0.353002
 0.563806
 0.734954
 0.722864
 0.163211
 -0.169683
 1.47555
 1.21243
 0.824199
 0.714225
 1.9352
 3.06826
 2.06698
 0.53667
 -0.6904
 0.107467
 0.000198269
 -0.246191
 1.38112
 0.257106
 -0.40291
 0.243505
 1.5045
 -1.37582
 2.35837
 -0.468451
 1.97404
 0.666374
 0.208406
 -0.294535
 -1.04108
 0.0527386
 -0.622601
 0.767004
 0.322991
 2.1403
 1.87293
 1.20084
 1.65221
 -0.0455366
 0.316003
 -0.416264
 0.845331
 1.49627
 -0.0533138
 0.68166
 -1.29048
 -0.732628
 -1.50309
 0.293501
 -1.47191
 1.96145
 -0.898354
 -0.747327
 -1.92768
 -1.54982
 -1.15251
 -1.13622
 -0.453145
 -0.289453
 0.684858
 1.47753
 0.543917
 0.623089
 0.0648869
 -0.606951
 1.05448
 1.33805
 0.896257
 1.98413
 2.22002
 2.02066
 1.59592
 1.54629
 0.6072
 1.74397
 0.669398
 0.894372
 1.7358
 0.357504
 2.19599
 2.51326
 1.0079
 1.23691
 1.41156
 0.088671
 -0.94318
 -0.365298
 -0.812438
 0.896404
 0.425693
 0.509934
 0.550514
 -0.342314
 -0.259652
 1.03733
 0.308951
 -0.575954
 -0.934482
 -1.34028
 -1.36493
 -2.04627
 -1.46664
 -0.722315
 -3.14734
 -1.17283
 -0.982998
 0.947586
 1.45838
 1.02033
 0.969439
 -0.1804
 0.100456
 -1.17928
 -0.39473
 -2.12022
 -0.110293
 -3.2238
 -1.35286
 -1.91593
 -2.71219
 -0.383893
 -0.749774
 -1.09663
 -1.04735
 0.0834661
 -1.12882
 0.691212
 -0.168921
 0.579741
 -0.782966
 0.111271
 -1.61794
 -0.471545
 -0.256426
 -0.371455
 0.60709
 2.74677
 1.73712
 -0.361276
 0.368656
 -1.63228
 1.07537
 -0.340347
 1.46385
 0.412778
 0.833068
 1.08391
 1.25803
 1.2289
 1.8987
 1.03666
 0.536739
 0.41499
 -0.224249
 -0.0181289
 -0.0343273
 0.365735
 -0.000742403
 0.827483
 -0.24738
 -0.29706
 0.851017
 1.4403
 -0.152083
 1.07839
 -0.501325
 0.524881
 -0.486287
 -0.079832
 -0.985548
 -0.343688
 -0.938801
 -0.536612
 -1.05379
 -0.993397
 -1.93738
 -0.940089
 -1.05202
 0.134043
 -0.0474436
 0.33936
 0.342815
 0.923527
 0.336804
 -0.449274
 -1.99921
 -0.147649
 -1.33306
 -1.65405
 -2.36799
 -1.67941
 -1.53701
 -3.13499
 -3.06578
 -2.52932
 -3.03856
 -2.36144
 -0.95884
 -0.666616
 0.685752
 0.532933
 0.786338
 2.02358
 0.741686
 1.0102
 1.4557
 2.0796
 0.13891
 0.802747
 0.523076
 0.100031
 0.543154
 1.90263
 1.32128
 0.193304
 0.394224
 1.21657
 0.811277
 -1.15119
 0.183847
 -2.08849
 0.352816
 -2.14655
 0.42101
 -1.25422
 -0.788356
 -0.595874
 -0.125504
 0.189589
 1.29784
 -0.155436
 0.307121
 1.46229
 1.34638
 0.816442
 0.375654
 0.313271
 0.428217
 1.17055
 -0.786988
 -0.368478
 -1.58712
 -0.327695
 0.196827
 -0.608173
 0.865721
 -0.228069
 1.48574
 -0.672761
 1.31652
 1.47688
 2.55752
 1.37448
 0.461585
 -0.39116
 -0.439972
 -0.653855
 0.982715
 0.156866
 0.465872
 1.64505
 -0.299571
 -1.16943
 -1.436
 -0.167365
 -0.139404
 -0.000699552
 -1.4024
 1.12594
 -0.173906
 -1.22731
 1.07365
 -0.416014
 0.0598861
 -1.14378
 -0.111588
 -0.953224
 0.533744
 -0.784238
 1.37775
 -0.0448973
 0.886575
 -0.388331
 0.373683
 -0.21266
 0.923511
 1.33555
 2.21897
 2.20832
 2.47789
 3.24507
 2.25262
 1.23265
 -0.774874
 1.87602
 -1.025
 -1.27127
 -0.449559
 -0.58428
 -0.521611
 -2.12908
 -1.1184
 -0.576007
 -0.549712
 -0.756104
 -0.901278
 -1.17382
 -0.958314
 -0.27722
 -0.23652
 -2.06308
 -1.4112
 -1.65439
 -1.3894
 0.182864
 0.067245
 1.63945
 0.501589
 0.728246
 0.78974
 0.883497
 -0.598611
 0.925921
 -0.447101
 -0.322935
 -1.20474
 -1.54021
 -0.733596
 -1.3175
 -1.94741
 0.658344
 0.416965
 0.75848
 -1.53794
 0.479269
 -1.61132
 0.707222
 -1.10216
 -0.522367
 -1.14255
 -1.55141
 -1.52279
 -1.72188
 -1.50315
 -1.46728
 -0.718228
 -0.385827
 -0.361713
 0.680966
 -0.652691
 1.76956
 1.04908
 1.26869
 1.17815
 -0.554401
 0.413295
 -1.54444
 -1.3185
 0.950413
 -0.557092
 -0.675938
 -2.65065
 -0.0710407
 -2.51248
 -0.919158
 -2.83852
 -1.3543
 -0.807472
 0.890532
 0.241717
 -0.212285
 0.872452
 0.52293
 1.77541
 0.123756
 -1.16629
 0.00561861
 -0.855052
 0.614036
 2.07741
 1.12273
 0.868675
 -0.779581
 0.279904
 0.380204
 1.49571
 -0.131481
 0.687175
 1.70234
 0.354165
 -0.478799
 0.635873
 -1.36797
 -1.08703
 0.840829
 0.579657
 2.45397
 2.04542
 1.44039
 1.8018
 -0.966151
 -0.151737
 0.192131
 -0.259773
 -0.316049
 -0.515079
 0.71164
 1.57136
 1.0158
 1.6096
 0.175383
 0.14889
 -1.21942
 0.469544
 -0.105758
 1.24335
 1.51878
 0.0424281
 1.32841
 0.271817
 -0.273794
 0.244816
 0.169202
 0.0695648
 0.983655
 0.550397
 1.01989
 0.398431
 -0.426335
 0.175245
 -0.573036
 0.915673
 1.4737
 0.843396
 -0.300135
 -1.65958
 -0.310643
 -0.304553
 0.456863
 0.630983
 -0.869822
 -0.679953
 -0.763428
 0.519719
 0.47452
 1.12417
 0.255977
 -0.381343
 -1.00194
 0.847104
 -1.33831
 -1.15319
 -1.08928
 0.299389
 -0.476223
 -0.431774
 0.300013
 -0.33561
 0.375549
 0.345923
 -0.152172
 0.142975
 1.44203
 0.924257
 -0.241907
 0.880089
 -0.201493
 0.998143
 -0.817868
 -0.372957
 -0.512966
 -1.73333
 -0.0173931
 0.929863
 0.759691
 1.89505
 2.20221
 2.41577
 0.980307
 0.681856
 1.19128
 1.44456
 1.65448
 1.37622
 -0.0866821
 0.421041
 0.386951
 -0.651464
 -0.17624
 0.832472
 1.3786
 0.761511
 1.16344
 0.865684
 0.200563
 1.33186
 1.78347
 1.82358
 3.13085
 1.07835
 2.24683
 1.57185
 0.972391
 1.56257
 0.881143
 0.280085
 1.55565
 1.19117
 1.14806
 0.10929
 -0.130385
 -0.293887
 -0.455286
 -0.415516
 -1.04158
 -0.105002
 0.478296
 -0.935766
 0.385376
 -0.959473
 -0.645694
 -1.09774
 -0.978392
 -0.984109
 1.564
 0.889344
 2.16385
 0.962972
 0.79207
 0.775503
 1.14705
 1.054
 0.284288
 -0.907063
 -0.485294
 0.660659
 -0.544572
 -1.16966
 -0.740909
 -1.03859
 -1.87008
 -0.840012
 1.08719
 1.26169
 2.65297
 2.03779
 0.00507515
 0.887277
 0.602421
 2.23958
 1.27884
 1.28906
 -0.00984619
 -0.106244
 1.02282
 1.73589
 0.603555
 0.0821503
 -0.161658
 -0.439548
 0.631046
 0.154499
 -0.238777
 -0.609026
 -0.811589
 0.423951
 -0.698833
 -0.225077
 -0.693303
 -0.977578
 -2.15324
 -1.35907
 -2.79578
 0.274004
 0.53133
 1.1726
 0.51942
 1.78888
 0.890529
 0.664417
 -0.572955
 0.892846
 0.0999837
 0.352803
 0.625113
 -0.833658
 1.05171
 0.669442
 1.45655
 0.834604
 1.73828
 0.389926
 1.78563
 0.110361
 1.48133
 -1.18794
 0.791119
 0.63176
 2.48005
 1.77399
 1.05513
 0.496287
 0.102252
 0.394926
 -0.300895
 1.66927
 0.263623
 0.756137
 2.02254
 1.58502
 2.46272
 -0.517659
 -0.330725
 -2.00521
 0.401656
 -1.27331
 0.453804
 0.26832
 1.70857
 1.18411
 0.459302
 -0.134489
 0.822695
 -0.307305
 0.520423
 0.169206
 -1.56181
 -1.10374
 -2.08185
 -1.23031
 -3.02013
 -2.17983
 -2.28748
 -0.977996
 -1.75102
 -0.404732
 0.250744
 0.498981
 1.03604
 0.228432
 1.72514
 0.122834
 -0.642384
 -0.238866
 -0.387799
 -0.111951
 0.789334
 -1.15536
 0.316873
 -2.06734
 -1.79427
 -0.240551
 -0.68921
 -0.874808
 -1.09788
 -0.252564
 0.345098
 0.254444
 -0.116942
 -0.737937
 -0.649929
 -0.179238
 -0.0574207
 -0.287647
 -1.26606
 -0.526208
 -1.09359
 0.991809
 2.1147
 -0.0451871
 1.03423
 1.72984
 3.36379
 0.677544
 0.908238
 -1.93825
 -1.78934
 -1.45144
 -0.597954
 -0.481301
 0.332665
 -0.210785
 -0.0571385
 0.448278
 1.41995
 2.3048
 1.63593
 1.92286
 1.1402
 1.76124
 1.34915
 0.966151
 0.882116
 -0.926747
 0.938146
 -0.263627
 0.546968
 -0.506619
 0.000757021
 1.11537
 0.509887
 0.910009
 0.178111
 0.111628
 -0.432348
 -0.0235887
 -2.03888
 -1.48091
 -2.75653
 -0.508777
 0.172322
 0.248841
 -0.862424
 1.00983
 -1.93793
 -0.9312
 -1.96161
 -0.665203
 -1.5486
 -0.322104
 -1.03952
 -0.773586
 -1.36311
 -1.14026
 -0.283659
 0.732853
 0.432694
 -0.32684
 0.717186
 -0.890929
 0.367896
 0.480555
 1.49927
 2.04403
 2.33657
 2.87647
 1.33857
 2.36197
 2.73339
 1.25106
 -0.560471
 -0.171445
 -0.000970747
 0.731228
 -0.366838
 0.852389
 -0.676212
 0.0261946
 0.735508
 2.23626
 0.200866
 0.645366
 1.58739
 0.945574
 1.65998
 -0.434197
 0.653252
 0.834876
 0.384615
 0.883138
 0.661941
 0.410986
 0.894608
 -1.27853
 1.6024
 -1.75656
 1.40629
 0.284296
 1.14131
 -0.284805
 0.834346
 -0.332682
 -0.577152
 -0.36004
 0.138043
 -1.33895
 -0.10081
 -0.151048
 -1.20926
 -2.23619
 -1.19358
 -2.31194
 -2.25819
 -2.13692
 -0.816784
 -1.39478
 -1.3625
 -1.87149
 -0.973031
 -0.934724
 -3.26979
 -0.534354
 -1.60518
 -1.12675
 -0.665851
 -0.929536
 -0.535226
 -0.544212
 -0.845209
 0.187195
 0.0811687
 -1.00455
 -0.938027
 -1.19345
 -1.63001
 -1.88661
 -0.723374
 -2.68686
 0.0801852
 -0.347353
 0.673682
 1.40097
 0.82299
 0.208621
 1.64376
 -0.955148
 0.96075
 -0.300457
 1.19471
 0.777939
 0.110845
 1.31801
 -0.0189368
 1.06625
 -0.22486
 -0.255239
 0.301524
 -0.385167
 -2.45035
 -2.73301
 -3.30516
 -1.57846
 -1.51461
 -0.820111
 -0.806198
 0.119412
 -1.69092
 -1.03812
 -0.962963
 -0.170611
 -1.80116
 -1.4774
 -1.60158
 -1.10718
 -0.35998
 -1.10584
 -0.391627
 -0.815674
 -1.4316
 -1.14825
 -1.5773
 -0.260544
 -0.851749
 0.674537
 -1.68082
 1.07345
 -0.0285006
 1.38671
 0.685442
 0.154151
 0.968491
 1.90259
 0.686456
 0.266277
 1.10328
 1.3849
 1.18153
 1.32065
 0.94456
 -0.498382
 0.944536
 -0.0568411
 0.897882
 0.931424
 0.174629
 0.254669
 0.559133
 -1.26761
 1.12573
 0.322921
 1.88823
 -0.186214
 2.30832
 0.373066
 0.108521
 0.113159
 -0.522174
 -1.17703
 -0.487692
 -0.478801
 -0.0400866
 -1.34651
 -0.261351
 0.674944
 -0.409577
 0.556792
 -1.19975
 -1.83473
 -0.579872
 -1.65438
 -0.321618
 -1.28193
 -0.837964
 -0.417571
 -0.079252
 0.678826
 0.694029
 -0.208214
 0.286687
 0.685747
 -0.890412
 -0.436386
 0.465061
 0.619925
 0.0703177
 1.67165
 0.242948
 1.21252
 0.618249
 -0.155996
 0.269524
 -0.996315
 0.31949
 0.0672936
 -0.978913
 -0.0996413
 0.697591
 -0.111455
 -0.420899
 -1.41901
 0.023458
 -0.396967
 -0.413186
 -0.0332998
 -0.328606
 -0.940981
 0.182611
 0.388089
 0.257804
 0.631973
 0.60198
 1.49165
 2.08858
 1.93025
 1.7124
 1.83227
 1.86479
 0.919291
 2.69038
 1.40281
 -0.866299
 0.0463499
 0.444314
 -0.206236
 0.0882762
 0.134222
 0.108012
 0.487111
 0.0928543
 1.71242
 0.559552
 1.00253
 0.432154
 -0.4857
 1.27385
 -0.869103
 1.10655
 -0.38783
 -0.0827188
 -1.34868
 -0.488441
 -1.83102
 -0.621939
 -0.75643
 0.0384103
 0.731653
 -0.867788
 -0.437315
 -1.28736
 0.195673
 0.510016
 -0.367492
 1.09758
 -0.778487
 0.721323
 -0.757338
 1.42165
 0.017113
 -0.172737
 -1.17288
 -1.3835
 0.23315
 -0.145466
 1.31532
 0.289409
 -0.719657
 0.159918
 -1.11724
 -1.09626
 -1.95295
 -1.65644
 -1.56087
 -1.13815
 -1.11006
 -2.07423
 -0.583803
 -0.968325
 -0.932144
 0.454329
 -0.366194
 -0.494027
 -0.270917
 1.71758
 1.46935
 2.62859
 0.0577286
 1.65331
 1.39975
 0.995368
 1.10769
 -0.41987
 0.773735
 1.0473
 1.27986
 2.3946
 1.01808
 1.54337
 -0.973092
 -0.832941
 0.487308
 1.79394
 0.946417
 -0.00424711
 0.837485
 0.33715
 0.846799
 0.183719
 -1.04586
 -0.539253
 -0.316835
 -0.41836
 0.372078
 0.0142958
 0.413554
 -0.800936
 0.399053
 0.260892
 0.468816
 -0.452394
 -1.75257
 -0.493813
 -0.160287
 1.06418
 0.191758
 0.105434
 -0.119698
 0.832717
 0.906996
 1.61729
 -0.522691
 0.0784773
 -0.991215
 -0.531013
 -0.924009
 0.0437073
 -1.02112
 0.815874
 -0.721088
 1.97997
 3.51536
 3.60305
 3.78522
 3.64004
 1.42644
 1.88842
 -0.108591
 -0.315094
 -0.601382
 -0.78273
 0.540934
 -0.000124764
 0.910379
 1.44448
 0.231357
 1.78437
 -0.899907
 -1.0768
 -0.15183
 0.00506958
 -0.906127
 -0.532504
 0.40417
 0.43496
 -0.498315
 0.592063
 0.303013
 1.61987
 0.644903
 0.639667
 0.339341
 0.566765
 -0.248687
 -1.15061
 -0.987859
 -1.0219
 -1.55536
 -1.19315
 -1.0026
 -1.64703
 -0.686741
 -0.26003
 -0.586041
 -0.431401
 -0.309953
 0.628508
 -0.843786
 -0.196608
 0.523642
 -0.128257
 1.19805
 -0.524003
 0.324912
 -0.746937
 0.354763
 -0.52453
 -0.356406
 -1.01972
 -1.01541
 -0.254341
 1.15199
 0.190889
 -0.927156
 -0.527768
 0.344014
 -0.639275
 0.904574
 -0.18239
 1.10488
 0.42043
 0.712421
 0.497971
 -1.24822
 -0.612446
 0.370282
 -0.355877
 0.0922538
 -0.278027
 -0.975304
 -0.461947
 -1.98105
 -1.64177
 -1.69071
 -2.67041
 -0.422487
 0.015234
 -0.173301
 0.655045
 0.96582
 0.50062
 1.73726
 0.581932
 0.649525
 1.16209
 0.903493
 1.53856
 -0.757311
 1.32653
 -0.818422
 0.991085
 1.02972
 1.94039
 1.84559
 1.49721
 0.525645
 -1.53256
 -0.323908
 -0.300918
 0.864145
 0.571921
 0.277265
 -0.133802
 -1.49133
 -2.65535
 -2.95853
 -1.09761
 -1.2959
 -0.418103
 -1.4772
 -0.595407
 -1.00868
 -0.914759
 -1.04587
 0.265585
 -0.0966613
 1.40809
 1.17348
 -0.437386
 1.83287
 0.195788
 1.50837
 1.31226
 1.94646
 0.889334
 0.738582
 0.486421
 1.41372
 2.04386
 0.147503
 2.08487
 0.825114
 0.444164
 -0.123233
 0.974199
 -0.0905941
 -1.27017
 0.76289
 -0.216936
 0.779165
 0.0368852
 -0.630548
 -2.29016
 0.191955
 1.26193
 0.328861
 0.481556
 -1.72492
 -1.23766
 -0.82993
 -0.0767213
 -0.87026
 -1.80105
 -0.283903
 -1.02286
 -1.03643
 0.731243
 -1.11437
 -0.593245
 -1.055
 -1.52824
 -0.342187
 -4.15337
 -1.66904
 -0.444464
 -0.0892518
 0.65307
 0.746898
 0.824407
 0.83269
 0.664262
 -0.556215
 -0.620233
 -0.556362
 -1.33449
 -0.916961
 -1.90692
 -0.200938
 -1.80404
 -0.613974
 0.152876
 -0.647709
 -0.127119
 -1.2182
 -0.147347
 -1.62382
 -1.08762
 -1.28975
 -0.480953
 -1.55325
 -0.966715
 -1.652
 -2.25078
 -1.23639
 -0.749999
 1.02495
 -0.103204
 -1.05509
 -0.859305
 -0.576894
 -0.718229
 -0.239135
 0.351974
 -0.450301
 -0.1794
 -0.674352
 0.548292
 0.382384
 -0.127334
 1.29183
 0.534734
 0.908642
 -0.145982
 -0.288696
 -0.978129
 0.169904
 -0.818008
 0.516561
 2.12024
 0.959301
 1.9104
 1.62204
 1.28972
 0.580536
 -0.465306
 -0.236517
 -0.69985
 0.127722
 0.473804
 0.420435
 0.200631
 -0.268416
 -0.155896
 -0.769663
 -0.301965
 -1.01778
 -1.74464
 -0.613575
 -0.541375
 -0.648548
 1.1848
 -0.91641
 -0.0494226
 0.439942
 -0.700407
 0.230505
 -0.283183
 -0.582843
 -0.371062
 -0.690458
 -0.487133
 -0.116208
 -0.385765
 0.218265
 -0.013597
 1.70662
 1.5823
 0.641368
 1.79531
 -1.59662
 0.156885
 -2.2463
 -1.98012
 -1.64635
 -2.28559
 -1.22968
 -0.954651
 -1.30642
 -1.25993
 0.18234
 -1.90235
 -1.22113
 -1.79527
 -0.523568
 -0.226586
 -0.876156
 -0.532494
 0.862316
 0.458064
 0.0294529
 -0.0347046
 -1.6527
 0.182604
 0.278433
 0.297982
 -0.367177
 0.409257
 0.173875
 0.159857
 1.89912
 0.802459
 2.49766
 1.50622
 1.46496
 -0.201597
 0.509918
 0.67496
 -0.0711351
 2.42407
 0.943756
 0.929994
 -0.683
 0.328693
 -0.0286552
 0.55267
 -0.0312136
 1.58736
 0.133649
 0.862571
 -0.333742
 1.63279
 0.282665
 -0.502794
 -1.42848
 -0.950191
 -1.58438
 -0.104807
 -0.455339
 1.32298
 -0.122427
 -0.407947
 -0.348832
 1.963
 0.912754
 0.592982
 0.482837
 -1.07192
 0.237345
 -1.42712
 0.769341
 0.0372709
 0.806863
 0.480022
 1.46284
 0.699047
 0.341054
 0.296242
 0.025635
 -0.845362
 1.60105
 -0.267774
 0.593752
 0.0862893
 -0.913094
 -1.29299
 -0.237122
 0.367915
 -1.48852
 -0.372948
 -0.499667
 0.0242192
 0.602444
 0.117176
 -0.330857
 -0.351418
 -0.132128
 0.637334
 -0.844445
 -0.703919
 0.747452
 0.445767
 1.41474
 1.23219
 1.41857
 1.12818
 1.64572
 1.19124
 1.17947
 1.75855
 1.31535
 1.97003
 1.72978
 2.71006
 1.87247
 1.81446
 0.870086
 -0.0957739
 -1.69976
 -0.400622
 -1.20077
 -0.089202
 0.965979
 -0.128699
 -1.47029
 0.735453
 0.43235
 1.84064
 0.758768
 0.389079
 1.09663
 -0.0815792
 0.573788
 0.845053
 -0.336765
 0.772148
 -0.399935
 -0.623907
 0.141985
 -0.265219
 0.318524
 0.892509
 0.916799
 -0.241576
 1.23613
 0.0409379
 -0.393328
 -0.684338
 -0.985596
 0.0627666
 0.656099
 0.609648
 1.64899
 -0.270664
 -0.873817
 -1.74007
 -0.688203
 -2.86269
 -0.491898
 -1.28774
 -1.73166
 -0.696704
 -0.134659
 -1.13028
 -1.5428
 -1.09903
 -1.07023
 -0.903608
 -1.87214
 0.00552808
 0.309134
 0.201716
 -0.376007
 -0.616918
 -1.54328
 -1.52538
 0.999517
 1.39785
 1.05389
 0.0157594
 -0.0426822
 0.9972
 0.341998
 0.380891
 0.554937
 -0.980771
 -1.06078
 1.04962
 2.58499
 3.00221
 0.207169
 0.212205
 0.480605
 0.387685
 -0.211434
 1.73526
 0.739753
 -0.134117
 0.491679
 -0.733684
 0.572814
 0.163653
 0.497696
 1.92591
 -0.511524
 -0.00267146
 -0.776436
 0.0208253
 -1.31965
 -0.955175
 -0.373925
 -0.182107
 1.21928
 -0.0757859
 2.65193
 0.618198
 2.07042
 0.930431
 1.0229
 1.13154
 0.277207
 1.9721
 -0.223669
 0.116827
 1.47614
 -1.05436
 0.934703
 -1.98246
 0.0124597
 -0.00792423
 0.0361063
 1.16724
 0.239589
 0.638287
 0.334256
 0.523072
 1.4695
 0.49883
 1.09974
 0.587291
 -0.104278
 -0.52804
