 -1.12934
 0.141484
 0.601889
 -0.731969
 0.0219934
 0.0158139
 0.225563
 -0.99356
 1.00977
 -0.889577
 0.774278
 -0.242494
 0.722644
 -0.179478
 0.437349
 -0.275773
 0.555344
 -0.993395
 -1.36833
 1.07795
 0.110184
 0.0354705
 0.185719
 0.634344
 -1.25124
 -0.0372746
 0.110351
 0.651829
 0.00232195
 0.703044
 -0.196674
 0.154012
 -0.354667
 -0.0327713
 -0.581118
 -0.229971
 0.0870143
 0.823849
 1.03766
 -0.763241
 -0.400563
 0.0172736
 -0.61981
 -0.202905
 0.0641232
 -1.18683
 1.55019
 -0.682944
 0.340089
 -0.350137
 -0.511905
 -0.110388
 -0.440132
 -0.212442
 -0.110376
 0.574382
 -0.1545
 0.89367
 0.0168787
 -0.280446
 -0.0508666
 -0.0999446
 0.730686
 -0.430825
 0.777983
 -0.398033
 0.095104
 0.844615
 -0.879231
 -0.258742
 0.0312338
 -0.342316
 0.361663
 -0.623376
 -0.477942
 0.0586934
 -0.262578
 0.223865
 0.284624
 -1.34168
 1.28013
 -0.235842
 -0.699395
 0.353035
 -2.09196
 0.298117
 0.0687957
 0.299936
 0.374772
 -0.230559
 0.788215
 -0.0400284
 0.659666
 -0.213344
 0.0505477
 0.99493
 0.183466
 -0.1137
 -0.152055
 0.884195
 -0.352724
 -0.824282
 0.437421
 0.37968
 0.0841425
 -1.17795
 0.891509
 -0.234477
 0.331335
 -0.149154
 -1.1171
 0.051614
 0.380179
 -0.255758
 -0.303877
 1.76932
 0.265787
 -0.402576
 -0.288942
 0.999348
 -1.0532
 -0.671513
 -0.0695126
 -0.207349
 0.991092
 -0.520121
 -0.11491
 0.0394208
 0.386775
 0.493569
 -1.04894
 0.546757
 0.974603
 1.11464
 -0.0272769
 0.0447566
 -0.0140987
 1.21564
 -0.0501691
 0.0981551
 -0.392419
 -0.880851
 -0.194645
 -0.37947
 0.0244827
 -0.0365214
 0.547403
 1.07753
 0.617428
 -1.27617
 0.806905
 -0.390642
 -0.0146962
 1.4719
 -1.41875
 -0.00857776
 -0.304921
 0.294288
 0.251455
 0.710515
 -0.936761
 -0.581458
 0.261407
 0.222996
 -1.18761
 -0.429531
 0.288823
 -0.337318
 0.254639
 -0.014205
 0.545544
 -0.0537358
 0.706101
 -0.489823
 1.32199
 -1.12248
 -0.457361
 0.294193
 -0.0349407
 -0.57744
 -0.303691
 1.02183
 -0.657504
 -0.696376
 0.578837
 -0.2978
 -0.604016
 0.203582
 -1.09311
 1.75661
 0.863824
 0.458143
 0.308771
 -0.106456
 -0.536728
 0.881956
 -1.3005
 0.927684
 -0.233375
 0.564563
 1.10647
 0.230058
 0.622356
 -1.78811
 -1.25575
 0.76821
 -0.356523
 -1.40138
 0.0230307
 0.00723998
 -0.217575
 0.129626
 1.26575
 -0.151968
 -0.540815
 -0.0165326
 0.243356
 0.66884
 0.109277
 0.783383
 -0.832911
 -0.151174
 -0.265106
 0.124401
 -0.0303832
 0.0533013
 -0.0814044
 -0.730296
 -0.0157782
 -0.0708768
 0.548592
 0.734358
 0.144599
 0.0441249
 0.674601
 0.702646
 0.370134
 -0.50977
 -0.15317
 -0.727818
 0.326807
 -0.835657
 0.0507487
 -0.13274
 0.788591
 0.126442
 -0.519216
 -0.877445
 0.535897
 0.616694
 0.0993624
 0.229734
 -0.0948125
 -0.567529
 -0.349823
 1.30478
 -0.433147
 0.37911
 -0.227279
 -0.418618
 -0.242905
 0.288692
 0.831606
 -0.617591
 0.269628
 -0.113197
 -0.190323
 -1.13721
 1.65981
 -0.0768875
 -0.336409
 -0.477601
 0.118933
 1.28227
 -0.529672
 0.0710409
 -0.186518
 -0.791293
 0.10076
 -1.19056
 -0.055174
 -0.619094
 0.946028
 0.602985
 -0.101646
 -0.0764772
 0.747879
 -0.187013
 1.03132
 -0.0922044
 -1.09302
 -0.493382
 -0.391962
 0.0923727
 0.833581
 -0.175482
 0.372817
 0.57067
 -0.689177
 0.99621
 -0.332812
 -0.596278
 0.437152
 -0.0747894
 0.149015
 -0.107124
 -0.795304
 0.838328
 -0.960921
 0.754992
 0.018444
 0.190624
 0.970652
 -0.593451
 -0.17817
 -0.530692
 -0.658979
 -0.287926
 -0.0378592
 0.795919
 0.519145
 0.468722
 0.271725
 1.23943
 -0.00505955
 -1.0505
 -0.24309
 0.643029
 -0.501122
 -0.147182
 -1.40905
 -1.00969
 0.302079
 1.11517
 0.898007
 0.37573
 0.0401526
 -0.0179394
 -0.800831
 -0.539007
 0.280205
 -1.28326
 -0.822591
 0.734721
 -0.135387
 0.0464544
 0.549998
 1.46996
 0.408439
 -0.852301
 -0.374793
 0.585241
 1.09873
 0.110421
 -0.158879
 -0.0953409
 -0.127615
 0.31592
 0.0473249
 0.141494
 1.337
 -1.10457
 -0.416003
 -0.15233
 0.408924
 -0.518476
 0.644383
 -0.458847
 -0.229133
 0.97705
 -0.0785099
 -0.968999
 0.61626
 -0.925089
 0.372686
 -0.488702
 -0.363664
 1.45298
 1.16357
 -0.823713
 0.496404
 -1.02536
 -1.07372
 -0.0912118
 0.0575417
 -0.14137
 1.21402
 -1.07246
 -0.0495647
 0.0724247
 0.643898
 0.138152
 0.0221377
 -0.528231
 -0.809012
 0.773091
 -0.23731
 -0.360264
 -0.278438
 -0.771038
 0.411742
 0.84731
 0.172777
 0.386061
 -0.701255
 -1.10246
 0.520151
 -0.67209
 -0.103799
 -0.373245
 0.265259
 -1.55606
 0.786364
 -0.68926
 0.821927
 -0.324771
 -0.908517
 0.110223
 -0.835352
 0.776271
 0.686855
 1.64824
 0.282308
 0.65791
 -0.308132
 -0.526529
 0.180728
 0.421975
 0.572647
 -0.823534
 -1.45826
 -0.146164
 0.324796
 0.745551
 -0.856087
 0.712052
 -0.172688
 1.32129
 0.20476
 0.398863
 -1.33914
 -0.0645172
 0.290055
 -0.193108
 0.975201
 0.311637
 -0.361412
 0.0100955
 0.441982
 0.365624
 -0.454381
 0.846245
 -0.644079
 0.33595
 -1.07109
 0.74066
 -0.211056
 0.0985939
 0.168114
 0.382465
 -0.295186
 -0.425776
 -0.875729
 0.231841
 -0.455184
 0.599702
 -0.4372
 0.0901987
 -0.145828
 0.353326
 0.266787
 -0.325236
 0.52374
 -1.41863
 0.317641
 0.602847
 -0.526622
 0.405313
 -1.16001
 1.49684
 -0.106982
 -0.15887
 -0.464841
 0.413026
 -0.823502
 1.24161
 -0.0904271
 0.00637788
 -1.43661
 0.332301
 -0.206821
 -1.37531
 0.899504
 -0.638859
 -0.25808
 0.452755
 0.220742
 0.431666
 -0.141211
 -0.491158
 0.379133
 0.402309
 -0.582885
 -0.378281
 0.25523
 1.12934
 0.446228
 -0.0696804
 0.738635
 0.218914
 0.940245
 -0.261877
 -0.0457153
 -1.01447
 0.333282
 0.0989232
 -0.0242847
 -0.164286
 -0.177773
 -0.321406
 -0.373993
 -0.504811
 -0.188573
 0.60617
 -1.20731
 -0.65017
 0.325597
 -0.0844385
 0.465165
 -0.509538
 -0.26978
 -0.082721
 0.469924
 0.562915
 0.188031
 0.266292
 -0.760725
 -0.375039
 -0.151517
 0.422795
 0.140091
 0.51092
 -0.8371
 0.534909
 -0.50031
 -0.902776
 -0.180137
 0.096247
 -1.09765
 -0.321509
 0.903034
 -0.0922583
 -0.675127
 2.09128
 0.0455595
 1.05236
 -0.976048
 -0.0731658
 0.0530687
 0.0347176
 -0.209728
 0.826222
 0.468132
 -0.103738
 0.463717
 -1.25727
 -1.39996
 0.547749
 0.00479793
 -0.658197
 0.367176
 -0.95894
 1.16861
 -0.770538
 0.217955
 0.543754
 -0.448037
 0.192605
 0.191848
 1.14707
 0.248632
 0.491025
 -0.436493
 0.436745
 -0.0738589
 -0.557797
 -0.797812
 -0.525982
 -0.515808
 0.87876
 0.842639
 1.43906
 -1.17335
 -0.617029
 0.0725557
 -0.422256
 0.543573
 -0.47959
 -0.40871
 1.0691
 0.610032
 0.0617229
 -0.369833
 -1.7622
 0.294907
 -0.648309
 0.959725
 0.401747
 -0.759065
 0.191568
 -1.13024
 1.02588
 0.550364
 -0.397171
 0.43213
 0.215147
 0.387909
 -0.548346
 0.461736
 0.151823
 -0.474857
 -0.352211
 0.222017
 0.217098
 0.572724
 -0.490077
 -0.157791
 1.22661
 -0.162803
 0.544917
 -0.507496
 -0.673531
 0.586543
 -0.434669
 0.422971
 0.0266544
 0.417693
 -0.781351
 -0.0255609
 0.425803
 -0.422802
 0.656173
 0.350334
 -0.189408
 0.176085
 -0.595045
 -0.878454
 0.679763
 0.735861
 -0.19544
 0.389167
 -1.3407
 0.719181
 0.270356
 -0.227073
 0.537802
 0.242561
 -0.000733547
 -0.686762
 -0.452218
 -0.00534101
 0.27883
 0.482059
 -0.169298
 -0.0590491
 -0.291733
 0.023097
 -0.220287
 -0.586639
 0.154976
 0.166927
 1.305
 0.241752
 1.0368
 -0.577996
 -0.449689
 -0.428776
 0.900529
 -0.431072
 -0.863111
 -0.742618
 -0.037358
 0.250888
 1.21268
 -1.07524
 -0.0595876
 0.928037
 0.412931
 -0.682196
 0.655019
 -0.670649
 -0.324752
 -0.536611
 0.473277
 -0.663981
 -0.235341
 1.02574
 -0.327839
 0.467537
 0.71757
 1.16189
 -0.526038
 0.352331
 -0.186951
 0.465376
 -0.157514
 0.110116
 -0.685041
 0.102383
 -0.872098
 0.188246
 0.601649
 -1.40199
 0.761472
 -0.512669
 -1.16906
 0.990256
 0.156578
 0.285107
 -0.62725
 0.193409
 -1.00287
 0.124359
 1.22362
 1.59311
 -0.0388006
 0.0745314
 0.273873
 -0.700548
 -1.15837
 -0.420421
 -0.417344
 0.638184
 0.857813
 -0.0731484
 -0.236508
 0.031225
 -0.883574
 0.666943
 0.24572
 1.43028
 -0.690671
 -0.160507
 0.218007
 -1.2636
 -0.438127
 -0.293358
 0.459041
 0.332249
 -0.736798
 0.180623
 -0.58893
 -0.188416
 0.331076
 -0.474313
 -0.302541
 -0.868564
 0.72001
 -0.632279
 0.0124329
 1.12118
 0.417373
 0.0197498
 0.742669
 0.000897212
 -0.685729
 0.287114
 0.378549
 -0.321873
 -0.769653
 -0.276011
 0.895967
 0.2005
 1.14589
 -1.02527
 -0.00908306
 0.129478
 -0.737059
 -0.00173538
 -0.476119
 -0.485921
 -0.654856
 1.08448
 -1.03411
 1.00294
 -0.0976342
 1.0475
 -0.592211
 -0.441894
 -0.149854
 -1.94216
 0.894735
 0.351928
 -0.288906
 -0.433145
 0.0954618
 0.496337
 -1.10826
 0.550704
 0.577644
 -0.011534
 0.512113
 -0.884863
 -0.0256034
 0.233061
 -0.246497
 -0.545627
 0.342006
 1.31299
 -1.01332
 -0.58255
 0.0858864
 0.622567
 0.148086
 0.267236
 0.887529
 -0.558114
 1.24989
 -1.26061
 -0.17797
 0.324239
 0.492849
 -0.192913
 -0.655767
 -0.160232
 0.945752
 -0.322096
 0.453697
 -0.0340363
 0.0372154
 -0.00653371
 0.250192
 -0.0998321
 -0.31711
 0.214907
 0.77136
 -1.5195
 -0.810283
 0.772686
 -0.161975
 0.132647
 0.686507
 0.439543
 0.467161
 -0.350561
 0.602187
 0.679197
 -0.662359
 -0.125157
 0.102431
 -0.285051
 0.0872626
 -0.608774
 -0.484764
 0.51906
 -0.30745
 -0.283926
 1.3583
 -0.729865
 0.586096
 0.479728
 -0.431939
 -0.172003
 0.322123
 0.379456
 -0.473289
 -0.25605
 0.187088
 -1.42848
 0.954225
 0.637823
 1.05028
 -0.420233
 -0.713992
 -1.31034
 0.745891
 -0.219396
 0.216432
 0.0394038
 0.181455
 -0.52695
 -0.386823
 -0.161034
 -1.05901
 2.09363
 1.77401
 -0.625513
 -0.0328691
 -0.774573
 0.505326
 0.542621
 0.370965
 -0.318952
 0.0250445
 0.299675
 0.778301
 -0.651606
 -0.862646
 0.0522067
 -0.95767
 -0.332993
 -0.0305518
 1.25394
 1.43287
 0.0738158
 -0.307247
 -0.945037
 0.587813
 -1.106
 0.455488
 0.732871
 -0.608465
 0.330612
 -1.01828
 -0.161705
 -0.542863
 0.515333
 -0.423561
 -0.128459
 0.167059
 0.673177
 -0.0500003
 -0.958816
 -0.291694
 -0.472276
 -0.712263
 0.771915
 0.940978
 -0.693188
 0.393936
 -0.978436
 -0.934784
 0.68093
 -0.398913
 0.933496
 0.872055
 -0.202994
 -1.24896
 0.687034
 0.439966
 0.0633064
 1.02836
 -0.392015
 1.19298
 -0.820016
 0.0140284
 -1.20755
 0.10233
 -0.705763
 -2.60515
 -0.000187071
 1.03725
 -0.132978
 -0.111313
 0.0945164
 -0.897841
 0.478796
 0.41904
 -0.604977
 1.11886
 0.176301
 -0.172927
 0.33959
 0.64171
 0.277858
 0.795665
 -0.901611
 0.0522174
 0.127449
 0.0385684
 -0.097179
 0.295038
 -0.158784
 -0.398397
 0.565785
 0.0882374
 1.8303
 -0.567114
 -0.260068
 -0.758871
 0.162813
 0.284124
 -0.69556
 0.789806
 0.594232
 -1.76096
 -0.0271878
 -0.0667829
 0.84739
 -0.457042
 1.16858
 0.297186
 -1.19378
 1.04983
 1.13738
 -0.0736357
 -0.970154
 0.48852
 -0.0322497
 -0.599187
 0.580981
