 -1.12934
 0.0911846
 0.735049
 -0.654763
 0.0831867
 0.129607
 0.280391
 -0.826274
 1.06635
 -0.799672
 0.760729
 -0.226523
 0.730795
 -0.20505
 0.440349
 -0.33027
 0.568261
 -1.02946
 -1.47457
 0.786126
 0.346577
 0.0678467
 0.271078
 0.68896
 -1.2713
 -0.0926579
 0.147053
 0.748335
 0.0524813
 0.768516
 -0.328065
 0.133141
 -0.370914
 -0.0852766
 -0.612657
 -0.229575
 0.156704
 0.933543
 1.03454
 -0.714757
 -0.500814
 -0.0556365
 -0.576349
 -0.309402
 0.00188174
 -1.12816
 1.2835
 -0.480623
 0.398073
 -0.277468
 -0.545759
 0.023062
 -0.367366
 0.00625073
 0.0142068
 0.754863
 0.0695196
 0.966648
 0.112756
 -0.220863
 -0.0907872
 -0.071287
 0.769724
 -0.495793
 0.731188
 -0.433615
 0.0498715
 0.851859
 -0.915043
 -0.499022
 -0.0262386
 -0.339048
 0.311615
 -0.527162
 -0.484423
 0.171221
 -0.163483
 0.313218
 0.351669
 -1.20351
 0.989484
 -0.063288
 -0.694875
 0.473961
 -1.94219
 0.757572
 0.335405
 0.503659
 0.507985
 -0.0747179
 0.775342
 0.014802
 0.641693
 -0.290504
 0.0998472
 1.00077
 0.301634
 -0.236269
 -0.320046
 0.805792
 -0.300602
 -1.03652
 0.334538
 0.231157
 0.0119969
 -1.30961
 0.768905
 -0.261844
 0.304188
 -0.209957
 -1.12299
 -0.0422301
 0.403441
 -0.152627
 -0.404446
 1.79091
 0.542747
 -0.550484
 -0.350648
 0.936315
 -0.950845
 -0.976676
 -0.153971
 -0.164077
 0.992918
 -0.549545
 -0.185806
 -0.0286625
 0.404964
 0.566297
 -1.08666
 0.481216
 1.00262
 1.10094
 0.13278
 -0.205941
 -0.17188
 1.13387
 0.0595982
 -0.0810738
 -0.383979
 -1.14457
 -0.457453
 -0.376274
 -0.0433642
 0.00550733
 0.620325
 1.05776
 0.812201
 -1.27654
 0.501586
 -0.290573
 -0.191631
 1.34857
 -1.32184
 -0.397162
 -0.424344
 0.330927
 0.199279
 0.667854
 -1.01046
 -0.873889
 0.148948
 0.270394
 -1.18247
 -0.461009
 0.395788
 -0.231584
 0.367224
 0.0854555
 0.668366
 0.0205009
 0.707022
 -0.5675
 1.24865
 -0.983913
 -0.664019
 0.209173
 0.00403522
 -0.591241
 -0.367878
 1.08366
 -0.558256
 -0.763765
 0.680229
 -0.180349
 -0.608701
 0.317437
 -1.00684
 1.58036
 1.00572
 0.36942
 0.233166
 -0.252614
 -0.607378
 0.886328
 -1.36083
 0.7818
 -0.220684
 0.547511
 1.05301
 0.423189
 0.577883
 -1.6697
 -1.61899
 0.665241
 -0.322829
 -1.38958
 -0.269397
 0.168464
 -0.0909043
 0.306037
 1.42333
 0.0286565
 -0.503187
 -0.128813
 0.206534
 0.764022
 0.112268
 0.75213
 -0.932942
 -0.435692
 -0.235404
 0.0806873
 0.0180823
 0.165342
 -0.0683608
 -0.702883
 -0.0362012
 -0.00557984
 0.563742
 0.791122
 0.135521
 -0.0120596
 0.628795
 0.586846
 0.499809
 -0.516718
 -0.390783
 -0.961742
 0.0909494
 -0.856767
 -0.0668179
 -0.0854557
 0.890775
 0.155765
 -0.560097
 -1.01266
 0.514406
 0.72281
 0.153747
 0.172339
 -0.117651
 -0.547835
 -0.430316
 1.26978
 -0.336799
 0.245309
 -0.25015
 -0.356142
 -0.390978
 0.200368
 0.865812
 -0.731579
 0.161182
 -0.0828467
 -0.198374
 -1.07931
 1.59305
 0.0589568
 -0.313911
 -0.623925
 0.0436787
 1.39333
 -0.398924
 -0.10515
 -0.154679
 -0.849453
 0.0070662
 -1.20388
 -0.336655
 -0.370957
 0.869362
 0.962641
 -0.0103604
 -0.044418
 0.78911
 -0.129711
 1.01501
 -0.146421
 -1.1423
 -0.55913
 -0.432679
 0.161848
 0.918042
 -0.110999
 0.303779
 0.649479
 -0.785624
 0.879024
 -0.326001
 -0.619421
 0.360779
 -0.0206273
 0.214592
 -0.0954853
 -0.765925
 0.752058
 -0.934216
 0.748222
 0.0490082
 0.201674
 1.00942
 -0.465062
 -0.342835
 -0.528408
 -0.811401
 -0.26699
 0.014541
 0.794313
 0.65761
 0.458572
 0.240495
 1.07931
 0.229886
 -1.08471
 -0.444215
 0.600971
 -0.538134
 -0.177498
 -1.45021
 -1.20786
 0.19674
 1.35042
 1.02807
 0.343138
 -0.074022
 -0.117889
 -0.908357
 -0.686289
 0.262207
 -1.15671
 -1.0045
 0.635468
 0.152978
 0.250083
 0.671468
 1.65431
 0.465184
 -0.94124
 -0.592869
 0.611265
 1.09263
 0.199279
 -0.310466
 -0.213549
 -0.199339
 0.252908
 -0.0296959
 0.0344084
 1.1835
 -0.953416
 -0.646658
 -0.234317
 0.404087
 -0.597923
 0.398084
 -0.579005
 -0.304652
 0.902455
 -0.125002
 -1.00627
 0.590787
 -0.862095
 0.325988
 -0.323393
 -0.363259
 1.56632
 1.36912
 -0.590434
 0.351909
 -1.04005
 -1.38459
 -0.214133
 0.0397842
 -0.132095
 1.27204
 -0.929556
 -0.114579
 0.00627243
 0.780387
 0.225273
 -0.00556542
 -0.431348
 -0.847201
 0.81268
 -0.101077
 -0.422025
 -0.241396
 -0.713187
 0.350203
 0.970599
 0.29784
 0.440554
 -0.674948
 -1.18362
 0.318207
 -0.546216
 0.0503599
 -0.17067
 0.48398
 -1.40846
 0.961745
 -0.437425
 0.80018
 0.0326578
 -0.753979
 -0.0628286
 -0.505596
 0.699107
 1.00446
 1.86878
 0.525335
 0.534947
 -0.384623
 -0.684594
 0.0807937
 0.350982
 0.429636
 -0.818781
 -1.66042
 -0.438084
 0.383701
 0.999097
 -0.792477
 0.677819
 -0.135569
 1.26119
 0.487227
 0.329605
 -1.43428
 -0.353837
 0.326556
 -0.185085
 0.941325
 0.336836
 -0.472484
 -0.127914
 0.377898
 0.335919
 -0.573228
 0.717824
 -0.491546
 0.14496
 -1.16401
 0.596088
 -0.251684
 0.0677613
 0.153218
 0.344791
 -0.396605
 -0.496141
 -1.0126
 0.295177
 -0.32556
 0.610515
 -0.346583
 -0.00327614
 -0.0479168
 0.280001
 0.349035
 -0.257734
 0.442092
 -1.44056
 -0.0545506
 0.744718
 -0.369995
 0.427874
 -1.04529
 1.33996
 0.0163329
 -0.218804
 -0.482015
 0.368993
 -0.691474
 1.35504
 -0.0334341
 0.0930555
 -1.40307
 0.0592928
 -0.0522048
 -1.33471
 0.802508
 -0.311112
 -0.209768
 0.646964
 0.454899
 0.524183
 0.00307717
 -0.487521
 0.39952
 0.57172
 -0.564436
 -0.414533
 0.26339
 1.24149
 0.458111
 -0.216708
 0.702111
 0.331501
 0.689831
 -0.0830913
 -0.246242
 -1.18492
 0.00104605
 -0.0163969
 -0.130511
 -0.182761
 -0.192065
 -0.262824
 -0.40304
 -0.551395
 -0.17286
 0.590648
 -1.0193
 -0.917079
 0.275693
 0.21818
 0.673503
 -0.420379
 -0.103657
 0.10579
 0.62736
 0.734092
 0.283377
 0.298984
 -0.803966
 -0.469912
 -0.170403
 0.359329
 0.25338
 0.566127
 -0.836478
 0.578364
 -0.446489
 -0.912435
 -0.229174
 0.267714
 -0.995188
 -0.505486
 0.981939
 0.268299
 -0.55877
 2.03686
 0.271136
 1.05164
 -1.07101
 -0.276279
 -0.0161488
 0.0501297
 -0.247083
 0.829398
 0.466857
 -0.178729
 0.364614
 -1.30537
 -1.51303
 0.253391
 0.244972
 -0.598256
 0.476978
 -0.791336
 0.980927
 -0.535721
 0.312618
 0.704397
 -0.31624
 0.176342
 0.333732
 1.19422
 0.35704
 0.418358
 -0.462163
 0.374957
 -0.181323
 -0.732822
 -0.78109
 -0.650868
 -0.478018
 0.943761
 0.877031
 1.44226
 -0.840436
 -0.880354
 0.0144889
 -0.356622
 0.510192
 -0.505469
 -0.530963
 1.04865
 0.584158
 -0.034737
 -0.495446
 -1.78821
 -0.0432916
 -0.449547
 1.05606
 0.580003
 -0.681851
 0.17534
 -1.00254
 0.848067
 0.706421
 -0.352638
 0.456509
 0.258629
 0.448804
 -0.680454
 0.383628
 0.123172
 -0.505497
 -0.550205
 0.151156
 0.304486
 0.681485
 -0.52454
 -0.369957
 1.19465
 -0.0437185
 0.492768
 -0.508523
 -0.726751
 0.438333
 -0.394843
 0.305235
 0.0103065
 0.45401
 -0.849973
 -0.183456
 0.468673
 -0.445699
 0.589727
 0.32272
 -0.336848
 0.166097
 -0.608273
 -1.05228
 0.758071
 0.841289
 -0.204324
 0.424644
 -1.41533
 0.544775
 0.365232
 -0.21428
 0.425322
 0.253579
 -0.0652944
 -0.797286
 -0.614883
 -0.0601046
 0.315728
 0.562966
 -0.112866
 -0.121798
 -0.222397
 0.0154407
 -0.231789
 -0.625839
 0.198146
 0.210789
 1.49402
 0.240294
 0.89329
 -0.479455
 -0.574896
 -0.464444
 0.777533
 -0.538492
 -0.975097
 -0.785097
 0.00176393
 0.343334
 1.36747
 -1.00839
 -0.0738127
 0.93625
 0.337837
 -0.754929
 0.521493
 -0.753486
 -0.461781
 -0.590143
 0.588889
 -0.486138
 -0.163902
 1.15241
 -0.223745
 0.4036
 0.817584
 1.07442
 -0.263408
 0.156017
 -0.268623
 0.289975
 -0.302083
 -0.105832
 -0.852857
 -0.081193
 -0.842649
 0.137341
 0.667619
 -1.41223
 0.467707
 -0.396198
 -1.18816
 0.74613
 0.471769
 0.255569
 -0.524461
 0.369339
 -0.947137
 -0.0649725
 1.37814
 1.74739
 0.106416
 -0.10588
 0.156584
 -0.845911
 -1.2417
 -0.561205
 -0.320877
 0.679276
 1.02965
 -0.0637223
 -0.254478
 -0.00531765
 -0.744052
 0.721373
 0.289644
 1.43428
 -0.415497
 -0.327595
 0.147751
 -1.44198
 -0.598875
 -0.243879
 0.561195
 0.550698
 -0.608831
 0.187702
 -0.455576
 -0.127202
 0.401179
 -0.326638
 -0.251154
 -0.790713
 0.551245
 -0.441288
 0.0377042
 1.36167
 0.511766
 0.0668938
 0.826604
 -0.0627875
 -0.746321
 0.105445
 0.412989
 -0.34234
 -0.825958
 -0.252298
 0.862795
 0.276656
 1.22477
 -0.885665
 -0.277239
 0.123983
 -0.709069
 -0.172097
 -0.479304
 -0.463139
 -0.516592
 1.19491
 -0.90005
 0.818306
 0.0360965
 1.12531
 -0.616375
 -0.534982
 -0.208194
 -1.97215
 1.27879
 0.671877
 -0.0420572
 -0.447833
 0.201413
 0.580855
 -0.953847
 0.306318
 0.838651
 0.0637762
 0.528915
 -0.885025
 0.00839865
 0.221912
 -0.134131
 -0.547447
 0.358528
 1.35592
 -0.928042
 -0.667703
 0.0873127
 0.652808
 0.261033
 0.35191
 0.917132
 -0.485808
 1.17842
 -1.03952
 -0.411511
 0.226964
 0.473368
 -0.331793
 -0.738422
 -0.228058
 0.891308
 -0.290333
 0.422284
 -0.141876
 -0.0425276
 -0.0139501
 0.268444
 -0.225305
 -0.316966
 0.184158
 0.777453
 -1.55419
 -1.04693
 0.746251
 -0.0699408
 0.0924381
 0.801952
 0.457031
 0.410906
 -0.451621
 0.468725
 0.55334
 -0.700962
 -0.233218
 0.0881797
 -0.382022
 0.0154763
 -0.602649
 -0.623461
 0.487299
 -0.209107
 -0.266908
 1.36379
 -0.649345
 0.494975
 0.366421
 -0.479825
 -0.262543
 0.245063
 0.339613
 -0.537674
 -0.354772
 0.0830541
 -1.44604
 0.650335
 0.855607
 1.13421
 -0.318361
 -0.756388
 -1.5417
 0.476979
 0.0615522
 0.193172
 0.143209
 0.307175
 -0.452717
 -0.403568
 -0.0726805
 -1.00456
 1.90322
 2.03158
 -0.369359
 -0.177307
 -0.888696
 0.313857
 0.495379
 0.268475
 -0.358593
 -0.0305297
 0.217365
 0.681942
 -0.622708
 -0.997392
 -0.109685
 -0.962835
 -0.345985
 0.0586174
 1.41249
 1.50565
 0.377273
 -0.423944
 -1.14974
 0.324703
 -1.12904
 0.402745
 0.750226
 -0.738929
 0.232534
 -1.02855
 -0.153689
 -0.612911
 0.643767
 -0.238834
 -0.0557718
 0.232261
 0.784674
 -0.0222583
 -0.912018
 -0.328354
 -0.372701
 -0.492952
 0.777096
 1.18069
 -0.613224
 0.378274
 -0.837563
 -1.03037
 0.52736
 -0.0961145
 1.10194
 0.996241
 -0.183497
 -1.25067
 0.647244
 0.523733
 0.139709
 1.0306
 -0.323752
 1.14388
 -0.692815
 -0.132322
 -1.35797
 -0.0118989
 -0.669145
 -2.53085
 0.936938
 1.38986
 0.0994855
 -0.0649671
 0.0678566
 -0.935698
 0.423619
 0.608025
 -0.404785
 1.19437
 0.211244
 -0.103358
 0.282039
 0.65508
 0.227129
 0.750897
 -0.828595
 -0.203908
 0.0130291
 -0.063008
 -0.169599
 0.258591
 -0.20535
 -0.447778
 0.491347
 -0.0281276
 1.76061
 -0.474363
 -0.524087
 -0.977582
 -0.00624815
 0.313572
 -0.771811
 0.570961
 0.577754
 -1.86914
 -0.341939
 -0.0354588
 0.877407
 -0.423308
 1.1034
 0.297223
 -1.25677
 0.991423
 1.18041
 0.104245
 -1.24286
 0.25108
 -0.124349
 -0.716299
 0.427773
