 -0.116017
 -0.108562
 0.0738819
 -0.09529
 -0.145605
 -0.0283864
 -0.172188
 -0.178461
 0.0217045
 0.0552193
 0.207211
 -0.109917
 0.123704
 -0.0401934
 0.0962396
 -0.0947786
 -0.0462608
 0.00985844
 -0.0309971
 -0.104272
 0.0874139
 -0.0768756
 0.0547422
 0.0318947
 -0.157119
 -0.0153716
 -0.0505697
 0.0699818
 -0.0700007
 0.21921
 0.022848
 -0.0424552
 -0.0284453
 0.103167
 -0.258327
 -0.221136
 -0.0916779
 0.0272172
 0.0932451
 -0.119488
 -0.0317337
 -0.0219657
 0.0722976
 0.124393
 -0.010204
 0.0177292
 -0.0640688
 -0.0114732
 0.148302
 0.163634
 -0.0154099
 0.166933
 -0.108086
 0.238564
 0.0446704
 -0.0284539
 -0.152948
 -0.121833
 -0.0513357
 -0.029672
 -0.0255125
 -0.0723761
 0.115428
 -0.11356
 0.0159667
 -0.0361864
 0.0106158
 0.0851567
 0.0276246
 0.00311095
 0.0780609
 -0.0245391
 -0.0263161
 -0.038475
 -0.0982801
 -0.0835677
 -0.0813943
 0.0870259
 -0.0531373
 -0.0265634
 -0.0466739
 -0.0460342
 -0.0833208
 0.0102844
 0.0114926
 -0.00843269
 -0.0399882
 0.0108338
 -0.0015533
 0.0293483
 0.0627415
 0.0792255
 0.127231
 -0.121055
 0.0277672
 -0.0450585
 -0.027808
 0.00489166
 -0.119688
 0.111197
 0.0751289
 -0.183744
 0.188572
 -0.0702536
 0.0325966
 -0.00213931
 0.0563906
 0.0163665
 0.0704827
 0.0162882
 0.0446091
 0.0519639
 0.012552
 0.13974
 -0.0642865
 0.0199271
 0.0535512
 -0.0406713
 0.0739787
 -0.00959166
 0.131955
 0.0309329
 -0.0699456
 -0.0261207
 0.198246
 -0.0857722
 0.132315
 0.0557609
 0.0268049
 0.112312
 0.0394887
 0.168372
 0.0612156
 0.0659707
 0.154418
 -0.0235412
 -0.19627
 0.18773
 0.141467
 -0.10657
 0.0612374
 0.126763
 -0.129652
 -0.00378425
 -0.0261825
 -0.11326
 -0.101413
 -0.00840795
 0.213594
 -0.0307219
 -0.0133903
 -0.0299235
 -0.0928399
 0.18851
 0.0615508
 0.0362169
 -0.192164
 -0.0942177
 -0.168926
 0.17097
 0.0979032
 -0.0768955
 0.0346971
 0.0801298
 -0.146769
 0.0222145
 0.0545717
 -0.179679
 0.0446371
 -0.184966
 0.010621
 0.031947
 0.106295
 -0.0999828
 0.10253
 -0.123491
 -0.0510772
 0.0733299
 0.0736771
 0.100996
 -0.121066
 -0.102397
 -0.0166148
 -0.0673243
 0.107228
 -0.0548871
 -0.030857
 0.0349754
 -0.105839
 0.132943
 0.208892
 -0.0146412
 0.0790525
 -0.0314801
 -0.216008
 0.135044
 0.0126882
 -0.0210396
 0.00793917
 -0.0290879
 0.0137224
 -0.00314043
 -0.0156484
 -0.00854382
 -0.0479241
 -0.0598795
 -0.176495
 -0.0936968
 -0.00712801
 -0.00521492
 -0.0633902
 -0.147918
 -0.19703
 -0.0650294
 0.0112754
 0.127179
 -0.039994
 -0.0621971
 -0.0141119
 0.180475
 0.126122
 -0.0896333
 -0.0193189
 0.0170776
 -0.181055
 0.0563748
 -0.038618
 0.0303504
 -0.0758804
 -0.000755896
 0.0884339
 -0.0321476
 0.0051418
 -0.00576502
 0.145486
 -0.115176
 0.0232917
 0.0431335
 0.17402
 0.0764331
 -0.0578296
 0.00881008
 0.00126608
 -0.221383
 -0.0843904
 0.0266464
 -0.0017194
 0.069459
 0.0520191
 -0.125618
 0.192274
 -0.0495005
 -0.0733532
 -0.138826
 -0.0782159
 0.0369916
 0.103427
 -0.0957609
 -0.187377
 0.0922689
 0.0805996
 0.0925939
 0.218488
 -0.1171
 0.0473542
 0.0194491
 -0.163433
 -0.111643
 0.10422
 -0.0618404
 0.145179
 -0.0249197
 -0.0908861
 0.0101733
 0.137315
 -0.110886
 0.0952864
 0.154416
 0.160256
 0.0333308
 0.0231519
 0.0764011
 -0.0852966
 0.20438
 -0.0619432
 -0.0659661
 -0.0736159
 -0.00913643
 0.186502
 -0.0985486
 -0.160896
 0.109789
 0.0558278
 -0.0319008
 0.0677848
 0.092802
 -0.0446629
 0.130591
 -0.112086
 0.0272676
 -0.0246092
 -0.154738
 -0.0684087
 -0.0936305
 0.00134678
 -0.0359758
 0.0612027
 -0.0270019
 -0.0800181
 0.0461736
 0.0462378
 -0.0700226
 -0.0815548
 0.125323
 -0.0569157
 0.0334448
 -0.0924238
 -0.0566173
 0.123482
 -0.103468
 0.0135858
 -0.102637
 0.12798
 -0.00426129
 -0.143182
 -0.0849195
 -0.0796318
 0.00804325
 -0.154117
 -0.00154623
 -0.0747719
 -0.156641
 -0.177789
 -0.00478583
 0.0719957
 0.0543019
 0.042606
 0.15786
 -0.0166936
 0.0355426
 -0.0256582
 -0.221021
 -0.0372985
 -0.0176876
 0.0728893
 0.107461
 0.0465418
 0.19272
 -0.021231
 0.00437409
 -0.24247
 0.0872636
 0.0499749
 -0.00110369
 -0.0509437
 -0.0843449
 0.0174069
 -0.0632819
 0.0118328
 0.133121
 0.203125
 -0.0621008
 0.0425146
 0.0146604
 0.045511
 0.231988
 0.262554
 -0.0871426
 0.0638463
 0.132194
 0.104514
 -0.0701917
 -0.00105423
 0.0930378
 -0.111555
 -0.0203198
 -0.172888
 -0.124804
 -0.0478239
 -0.050272
 -0.100287
 0.162749
 0.0863561
 0.233118
 0.136931
 0.0301277
 -0.141692
 0.0192058
 0.285293
 -0.162529
 0.0203585
 0.177054
 -0.126664
 -0.160064
 0.000167616
 -0.0498241
 0.0561197
 -0.0965848
 0.0203032
 0.0461212
 0.108019
 0.0367856
 0.0469299
 0.0473565
 0.0216789
 -0.0245888
 0.158241
 -0.16011
 0.0123518
 -0.0399248
 -0.0221017
 0.0489205
 0.100758
 -0.0485924
 -0.135322
 -0.0540217
 0.0234988
 -0.135128
 -0.0526051
 -0.0491472
 0.0414023
 0.0144329
 0.00698408
 0.172583
 -0.0485208
 0.0175045
 -0.0462757
 0.0915655
 -0.0588119
 0.035952
 -0.0289953
 0.0512989
 -0.243889
 -0.0584186
 0.0354806
 0.0796703
 0.0788318
 -0.173263
 -0.116219
 0.0654363
 0.0967946
 -0.0469413
 -0.0583547
 0.0458018
 0.0484925
 -0.0090293
 0.104253
 -0.081068
 -0.125253
 0.0362062
 0.0674776
 -0.102869
 0.126239
 -0.0503672
 -0.243765
 0.00733974
 0.0252311
 -0.0624188
 -0.0871517
 0.000253239
 0.059518
 0.0676821
 -0.217897
 -0.0603005
 -0.0705566
 0.00860296
 0.0962523
 -0.0714213
 0.141003
 0.0441835
 -0.00358242
 0.0199823
 0.168282
 0.0554662
 -0.0189608
 -0.0558473
 -0.042081
 0.0223805
 -0.0995087
 0.0304413
 0.126144
 -0.00552708
 0.14252
 -0.0298208
 -0.178215
 0.0467422
 -0.145342
 -0.00951682
 -0.107026
 -0.0291302
 0.0170827
 0.0760494
 -0.0024966
 0.0250086
 0.0872806
 -0.0914028
 0.0383747
 -0.0504989
 -0.0287072
 0.00886737
 -0.103681
 0.130338
 -0.11792
 0.0188551
 0.0113036
 0.0794984
 0.143999
 -0.0863484
 -0.162468
 0.237301
 -0.00763833
 0.00472673
 -0.00233694
 0.152618
 0.0535689
 0.050172
 -0.138831
 -0.0258635
 -0.155625
 -0.0579127
 -0.086241
 -0.0966774
 0.116494
 -0.193271
 0.0429839
 0.0153386
 -0.254689
 -0.0167386
 0.211848
 -0.0758804
 -0.0665574
 -0.105974
 0.0279146
 -0.0140845
 0.0487043
 0.13362
 -0.0251851
 0.0144841
 0.288882
 0.0869434
 0.0476565
 0.114101
 -0.286301
 0.0657088
 -0.196304
 0.0328756
 -0.0230067
 -0.00787846
 0.0161556
 0.0164871
 -0.0433856
 0.124068
 0.0689479
 0.109319
 0.087996
 0.299614
 -0.0326476
 0.154958
 0.055073
 0.161329
 -0.0786599
 -0.0143895
 -0.0186053
 0.125304
 -0.089832
 -0.0713155
 -0.0730183
 -0.055723
 0.00721462
 -0.0515626
 -0.0184665
 0.0238813
 -0.0419515
 -0.0920201
 -0.105524
 0.0378463
 0.0526356
 -0.0924581
 0.0898095
 -0.053409
 -0.10785
 -0.0582465
 -0.169007
 0.0365192
 0.0632154
 -0.237279
 -0.0434816
 -0.163831
 0.121572
 0.215099
 -0.0170495
 -0.144336
 -0.0443374
 -0.197177
 -0.0806317
 -0.141378
 0.070602
 0.00629432
 -0.0895755
 0.142921
 0.0744044
 0.106092
 -0.0438563
 -0.158904
 -0.147844
 -0.0353657
 -0.00902774
 0.0264922
 0.0964641
 -0.0621817
 -0.085489
 0.0993458
 0.10345
 -0.238069
 0.0731949
 -0.0842418
 0.242583
 -0.138873
 0.074731
 0.0525537
 0.164011
 0.0180319
 0.00741788
 -0.0928307
 -0.00432008
 0.180144
 0.0198459
 -0.0209125
 -0.0447802
 -0.119865
 -0.0790919
 -0.0643464
 -0.186727
 0.0243181
 0.0111297
 -0.107178
 -0.0284039
 -0.0725227
 -0.0460697
 0.119303
 -0.0789963
 0.0291814
 0.237466
 -3.95132e-05
 -0.0736276
 0.051167
 -0.151217
 -0.00614286
 -0.0235367
 -0.0868927
 0.0248958
 -0.0138962
 -0.049987
 0.065976
 0.149135
 -0.0958038
 0.0193776
 0.243473
 0.0465147
 0.104033
 -0.0101245
 0.0759915
 0.0133987
 0.0892858
 -0.114658
 -0.108232
 0.109177
 0.0171161
 0.119668
 0.0894118
 -0.199759
 0.203177
 0.151536
 0.10517
 -0.0589709
 -0.0904831
 0.0520443
 0.213642
 0.0809641
 -0.109829
 0.0488394
 -0.0700714
 -0.0703829
 0.0109713
 -0.141758
 0.0103977
 0.254516
 0.05701
 -0.06665
 0.209333
 0.0775374
 0.0935574
 -0.0159625
 -0.0146046
 0.0297873
 -0.0499308
 0.00428008
 0.00474899
 -0.061681
 0.122
 -0.099297
 0.0618782
 -0.0296064
 0.0297431
 0.135716
 0.158861
 0.0669263
 0.00464998
 -0.0295385
 -0.0263293
 0.0416059
 0.0702744
 -0.0389551
 0.13361
 0.239742
 0.153479
 0.00851698
 0.262112
 0.0503153
 -0.301051
 0.0923289
 0.0234831
 0.164299
 -0.0322919
 0.228759
 0.0721829
 -0.0631504
 0.0351175
 -0.130048
 0.0961031
 -0.045807
 0.283036
 0.0888583
 0.0831076
 0.0589932
 -0.0135894
 -0.213098
 -0.124996
 0.118684
 0.124531
 -0.027872
 0.0719428
 0.0348921
 0.261575
 0.0611664
 0.0181641
 0.00833631
 -0.127573
 -0.095643
 0.00534894
 -0.0826549
 -0.000239792
 -0.0227579
 -0.00889325
 0.0519787
 0.129507
 0.0492513
 0.166176
 0.032956
 -0.0257561
 0.142491
 0.0780644
 -0.10056
 0.0672172
 0.0228108
 0.0382165
 0.0539398
 -0.00987127
 -0.00912299
 -0.21198
 0.125271
 -0.0235334
 -0.129937
 0.0291129
 0.00545992
 0.0602245
 -0.0661408
 0.219665
 0.067832
 -0.00708529
 -0.0491885
 -0.0859011
 0.0861051
 0.0373785
 0.153182
 -0.149741
 0.136788
 -0.0957988
 0.120492
 0.145618
 0.0131137
 0.0349944
 -0.192419
 0.143633
 0.0735479
 -0.00458001
 0.00815794
 0.061053
 -0.0996793
 0.161022
 0.032256
 0.129426
 -0.174717
 0.0772388
 -0.0271693
 -0.0771264
 0.182068
 0.214969
 0.0324918
 -0.0056297
 0.149765
 0.0692954
 -0.0324693
 -0.0595697
 -0.0447641
 -0.0647239
 -0.0482
 0.0274367
 -0.14952
 0.182125
 -0.11248
 0.112877
 0.0582402
 -0.220787
 0.0716754
 -0.0451805
 -0.00211106
 0.0834614
 0.103883
 -0.118294
 -0.182537
 0.102512
 -0.136987
 -0.0092187
 -0.10756
 0.0565868
 0.0106445
 0.107955
 0.144991
 0.0538885
 -0.0845729
 -0.020637
 -0.0200961
 0.0211217
 0.185473
 0.120765
 0.0862014
 -0.0469466
 -0.13456
 0.061093
 0.0886172
 -0.0386017
 -0.0109062
 0.0106458
 -0.00839009
 -0.166185
 -0.0921689
 0.0725039
 -0.203283
 0.292133
 -0.0612432
 0.014513
 0.114019
 0.177095
 0.033127
 -0.0403404
 0.103748
 0.19656
 -0.078574
 -0.0424854
 -0.0118549
 -0.0550871
 -0.0535703
 0.191766
 -0.0835832
 -0.137054
 0.169736
 0.00512506
 -0.153189
 0.0213508
 0.0167249
 -0.063255
 0.0770281
 -0.0184494
 0.0268287
 0.144351
 0.00150921
 -0.0293462
 -0.0354096
 0.0379483
 0.058735
 -0.139125
 -0.0801579
 -0.00660964
 -0.0349675
 0.056523
 0.000859995
 -0.125474
 0.0831067
 0.00132148
 -0.0101311
 -0.251103
 0.0187069
 -0.0631154
 -0.0264408
 0.0231494
 0.0175151
 -0.0905353
 -0.153158
 0.114154
 0.211293
 -0.134954
 0.0848932
 -0.119673
 0.210787
 -0.0166608
 -0.0032809
 -0.123359
 -0.0746155
 -0.0412704
 0.139741
 -0.0610672
 0.046166
 -0.0100633
 -0.153487
 -0.0669383
 0.0998597
 0.0528324
 0.0634158
 -0.0744066
 0.0740053
 -0.0441518
 -0.0858793
 0.0462017
 0.163824
 0.00638686
 -0.0395303
 -0.252647
 0.160205
 -0.0247088
 0.0814851
 0.00963346
 -0.0693953
 0.178295
 -0.0599159
 0.0613441
 -0.0374704
 0.0411719
 -0.215951
 -0.341208
 -0.041825
 0.0338513
 -0.0707585
 0.162251
 0.227103
 -0.0863436
 0.00793
 -0.080306
 0.0259803
 0.112091
 -0.0790639
 0.0821529
 -0.0388656
 -0.00905882
 -0.165338
 0.0506482
 0.115048
 0.0541679
 0.0104262
 -0.0363394
 -0.0268452
 -0.127055
 -0.00551766
 -0.00203687
 0.145021
 0.0260589
 0.239125
 0.0666474
 0.119159
 -0.0468263
 -0.149243
 0.00936557
 0.127223
 -0.011796
 0.0864956
 -0.255706
 0.0131294
 0.0296346
 0.154519
 0.0269847
 0.11454
 -0.0253893
 -0.0919904
 -0.0263579
 0.0162458
 0.200025
 -0.0488644
 0.0612646
 0.254112
 0.00587316
 0.0755567
 0.216067
 0.0969031
