 0.116017
 -1.04284
 -0.946535
 -0.110809
 -0.713259
 -0.691434
 -0.475396
 -0.0792067
 -1.19324
 -0.146611
 -1.18069
 -0.0867604
 -0.547829
 0.297378
 -0.0120466
 0.550344
 0.244269
 0.692149
 -0.345169
 -1.89362
 -0.78072
 -0.477143
 -0.486226
 -0.226823
 0.560706
 -0.858343
 -0.816654
 -0.728782
 0.0988606
 -0.123744
 0.624884
 0.476326
 0.594114
 0.0612271
 0.359285
 -0.244079
 -0.525379
 -0.447501
 0.286946
 1.55773
 0.616293
 0.141599
 0.108345
 -0.656444
 -0.77679
 -0.677773
 -2.01712
 -0.338761
 -1.10828
 -0.714905
 -0.909291
 -1.45128
 -1.20624
 -1.7571
 -1.64114
 -1.48829
 -0.57442
 -0.683277
 0.216699
 0.268275
 -0.0517677
 -0.0246259
 -0.270826
 0.605765
 0.00778203
 0.783646
 0.299878
 0.324375
 1.16708
 0.0878217
 -0.292788
 -0.154118
 -0.535174
 -0.0699622
 -0.625651
 -0.989503
 -0.831288
 -1.16298
 -0.73298
 -0.340603
 -1.91979
 -0.48277
 -0.671154
 -1.32146
 -0.8234
 -2.38184
 -1.78797
 -1.56252
 -1.11939
 -0.625104
 -0.895703
 -0.083768
 -0.1898
 0.625208
 0.316232
 0.441235
 1.50981
 1.52255
 1.36177
 0.90025
 1.84617
 1.53676
 0.254114
 0.79031
 0.98418
 0.964786
 -0.367905
 0.518134
 0.205679
 0.521043
 0.339457
 -0.853024
 -0.733579
 -0.383226
 -0.529699
 -0.883222
 1.08979
 1.2833
 0.710066
 0.445519
 1.37937
 0.137634
 -0.49579
 -0.559215
 -0.981356
 0.24406
 -0.552393
 -0.652163
 -0.561816
 -0.194736
 0.320681
 -0.897826
 -0.224074
 0.708109
 1.86227
 1.74817
 1.80156
 1.31576
 2.64989
 2.65149
 2.5765
 1.84918
 0.977563
 0.66524
 0.24591
 0.398915
 0.421919
 0.839596
 1.85852
 2.68869
 1.10638
 2.00923
 1.50094
 1.07716
 2.73116
 0.96657
 1.06881
 0.707417
 1.01262
 0.871331
 1.55823
 0.519065
 -0.268858
 -0.00850399
 0.439631
 -0.920545
 -1.25892
 -0.632399
 -1.07034
 -0.489012
 -0.573632
 0.0120922
 -0.115408
 0.701676
 -0.053744
 1.60091
 0.216184
 -0.43616
 -0.106957
 -0.182699
 -0.58709
 -0.834689
 0.179311
 -0.481284
 -1.22894
 -0.380444
 -0.699239
 -1.23581
 -0.805464
 -2.28264
 -0.488145
 0.487789
 0.764143
 1.02613
 1.03325
 0.159875
 1.08002
 -0.305309
 0.587589
 0.376325
 0.828824
 2.11376
 2.29015
 2.99592
 0.909053
 -0.404341
 0.499643
 0.0785114
 -1.66697
 -1.46988
 -1.27251
 -1.2184
 -0.880781
 0.405171
 0.212886
 -0.544617
 -0.425808
 -0.0677424
 0.538209
 0.415814
 1.13108
 0.244857
 0.0614114
 -0.277991
 0.0922508
 -0.063177
 0.0947163
 -0.0267846
 -0.653562
 -0.67415
 -0.814634
 -0.0984907
 0.570809
 0.663349
 0.506574
 1.30627
 1.97788
 2.29787
 1.4189
 1.12854
 0.314831
 0.548755
 -0.378861
 -0.0550012
 -0.218536
 0.46842
 0.575753
 -0.13943
 -0.995983
 -0.183844
 0.153684
 0.431891
 0.655779
 0.645565
 -0.0521955
 -0.54118
 0.764492
 0.400678
 0.839856
 0.397743
 -0.150854
 -0.484754
 -0.290997
 0.741183
 -0.135299
 0.188435
 0.25111
 0.0713002
 -1.32098
 0.607577
 0.342317
 0.0348344
 -0.437362
 -0.306897
 0.946511
 0.493295
 0.389391
 0.086824
 -0.784504
 -0.567239
 -1.99599
 -1.83805
 -2.35118
 -1.34322
 -0.397999
 -0.460107
 -0.483356
 0.241087
 -0.155636
 1.08087
 0.99938
 -0.406669
 -0.871488
 -1.09093
 -1.01092
 -0.154861
 -0.258407
 0.0117279
 0.712022
 -0.218091
 0.815257
 0.593034
 -0.153136
 0.355222
 0.250344
 0.441876
 0.267053
 -0.508902
 0.392954
 -0.679233
 0.091185
 0.235095
 0.470085
 1.33499
 0.76301
 0.500285
 -0.0468323
 -0.700473
 -1.10491
 -0.911793
 -0.108441
 0.501689
 0.694727
 0.927614
 2.50764
 2.39201
 1.14863
 0.77955
 1.52789
 0.849154
 0.733386
 -0.759765
 -1.81929
 -1.44892
 -0.304428
 0.555084
 0.816033
 0.63719
 0.684034
 -0.298102
 -0.77608
 -0.175977
 -1.7929
 -2.69969
 -1.76788
 -1.72653
 -1.49337
 -0.91289
 0.791651
 1.06978
 0.263029
 -0.402036
 0.201096
 1.41095
 1.40698
 1.16231
 0.891895
 0.781248
 0.934182
 0.747942
 0.659333
 2.37724
 0.948683
 0.487628
 0.30208
 0.432934
 -0.351777
 0.511282
 -0.162756
 -0.527079
 0.410454
 0.469249
 -0.571734
 0.0018329
 -0.743994
 -0.300693
 -0.625516
 -0.910213
 0.638845
 2.00168
 1.08828
 1.29158
 0.0492291
 -1.26214
 -1.26432
 -1.08526
 -0.987309
 0.183799
 -1.19687
 -0.856995
 -0.825598
 -0.265321
 0.144231
 0.296529
 -0.419571
 -1.11561
 -0.325555
 -0.467043
 -0.893688
 -1.12878
 -1.99881
 -1.39069
 -0.444162
 -0.221736
 0.206624
 -0.513818
 -1.96882
 -1.00306
 -1.67232
 -1.51201
 -1.66991
 -1.32909
 -2.71811
 -1.53841
 -2.14109
 -1.04996
 -1.29005
 -2.1859
 -1.81442
 -2.70501
 -1.70363
 -0.782903
 1.07483
 1.05058
 1.83192
 1.29853
 0.74441
 0.709653
 1.12516
 1.59004
 0.640362
 -1.15332
 -0.929736
 -0.539308
 0.155914
 -0.759525
 -0.0227163
 -0.00012522
 1.51571
 1.45089
 1.70582
 0.24595
 0.235361
 0.420303
 0.192594
 1.22539
 1.29735
 0.986284
 0.973629
 1.2097
 1.40941
 1.00204
 1.74779
 1.09164
 1.51729
 0.071704
 0.737645
 0.585038
 0.688565
 0.724199
 0.932936
 0.562792
 0.294065
 -0.651844
 -0.283006
 -0.795594
 -0.20356
 -0.556749
 -0.577881
 -0.695914
 -0.216219
 0.0875309
 -0.461442
 0.143359
 -1.5383
 -1.03367
 -0.299432
 -0.855815
 -0.219635
 -1.63782
 -0.138453
 -0.173321
 -0.49125
 -0.813811
 -0.12495
 -1.04017
 0.423058
 0.283039
 0.417058
 -1.33698
 -0.891417
 -1.10933
 -2.4635
 -1.27007
 -1.90599
 -1.7751
 -1.22219
 -0.823208
 -0.276546
 -0.449164
 -0.792624
 -0.48277
 0.17498
 -0.567045
 -0.916282
 -0.618387
 0.431072
 0.945901
 0.915397
 1.34472
 1.54134
 2.62042
 2.15297
 1.77436
 0.544167
 0.760105
 0.936847
 0.779138
 0.730414
 0.514896
 0.197031
 -0.203846
 -0.890854
 -0.776284
 -0.227589
 -1.64652
 -2.04572
 -1.6493
 -1.74803
 -0.912693
 -1.24867
 -1.27934
 -1.33203
 -0.656135
 -0.0741354
 0.0552865
 0.428762
 -0.448998
 -1.1036
 -1.10777
 -0.535831
 -0.409824
 0.490002
 -0.635919
 0.203925
 -0.523796
 -1.39412
 -1.40426
 -1.22709
 -2.47655
 -2.63344
 -1.54588
 -1.46303
 -2.2102
 0.0889203
 -0.0843596
 1.17776
 -0.169422
 -0.206108
 -0.243004
 -0.00634296
 -0.270712
 0.539386
 0.77392
 0.785036
 1.16842
 -0.174225
 -1.84724
 -1.11926
 -0.994022
 -1.55414
 -1.06388
 -2.11788
 -0.677473
 -1.32063
 -1.08439
 -0.434239
 -0.742562
 -0.589999
 -0.212397
 1.06948
 1.18197
 1.74068
 1.03916
 1.32577
 1.37324
 0.649086
 -0.137151
 -0.89345
 -1.42114
 -0.292059
 0.661137
 2.29407
 1.02013
 0.244195
 0.441483
 -0.218578
 0.351334
 -0.144227
 -0.791956
 0.297212
 0.762187
 0.843518
 0.569744
 -1.49955
 -1.10968
 -1.66896
 -0.582607
 -0.18386
 -0.782505
 -0.439517
 -1.90355
 -0.737484
 0.185853
 -0.488826
 0.135363
 0.0780693
 0.702599
 -0.124483
 0.321024
 0.325337
 -0.191913
 -0.590755
 -0.181909
 0.0499283
 0.387054
 -0.145267
 -0.285515
 1.05577
 0.911822
 1.39772
 0.827323
 0.141397
 0.545166
 0.012748
 0.529227
 0.510624
 0.889877
 -0.0597116
 -0.203491
 0.386734
 -0.201467
 0.204678
 0.634285
 0.512365
 0.543672
 -0.0111371
 -0.930118
 -0.140599
 0.630265
 0.360419
 0.701103
 -0.746951
 -0.0588659
 0.132502
 0.0416857
 0.464353
 0.409176
 0.49235
 -0.39843
 -0.775118
 -0.823938
 -0.404949
 0.0463207
 0.0205802
 0.0276676
 -0.482701
 -0.377309
 -0.731534
 -1.22578
 -0.73588
 -0.782463
 0.539828
 0.674417
 1.9462
 1.27613
 0.655012
 -0.0510548
 0.853638
 0.508792
 -0.534051
 -1.09644
 -1.03409
 -0.711412
 0.691624
 -0.527591
 -0.818322
 0.212039
 0.665454
 -0.411273
 0.280064
 -0.527352
 -0.782853
 -1.18613
 -0.586494
 -1.0829
 -1.23469
 -0.126269
 -0.444713
 -0.0683657
 0.762859
 1.99499
 1.3603
 1.55886
 1.08755
 1.36985
 1.08617
 1.08546
 0.265053
 0.393275
 -0.578554
 -0.353621
 0.332357
 -1.50243
 -0.736071
 -1.16811
 -2.40086
 -1.3552
 -1.02
 -0.281671
 -1.10928
 -0.793609
 -2.09816
 -1.61095
 -0.51812
 1.33567
 1.24181
 1.09555
 1.37807
 0.381105
 -0.748352
 -1.38332
 -1.55044
 -0.742933
 0.127503
 0.109534
 0.0416922
 0.125253
 -0.928163
 -0.236167
 0.159624
 1.72866
 0.909493
 0.453791
 0.685582
 -0.665084
 -1.02612
 -1.06912
 -0.430056
 -0.0802835
 -0.705602
 -0.474122
 -0.964405
 -1.08732
 -0.672707
 -1.16053
 -1.29242
 -2.41924
 -1.37671
 -1.90507
 -1.80999
 -0.55297
 0.0806793
 0.0153032
 0.718036
 0.639839
 -0.228908
 0.153781
 0.500156
 0.330427
 -0.733131
 -0.883537
 0.178488
 0.292059
 1.56918
 0.234811
 0.350263
 0.217146
 -0.523085
 -0.447134
 -0.843767
 -1.13783
 -1.83344
 -0.585266
 -1.89336
 -0.465202
 -0.768112
 0.46379
 -0.424666
 -0.93543
 -0.973318
 -2.4986
 -1.07196
 -0.81684
 -1.04396
 -1.27629
 -1.10604
 -0.515851
 -1.68038
 -1.12812
 -0.360248
 -0.451405
 0.353431
 -0.728298
 -0.656879
 -0.26314
 -0.764669
 -1.30962
 -0.744729
 0.66214
 -0.571838
 -1.05385
 -0.832419
 -0.0809333
 0.131966
 0.439953
 1.35833
 0.658069
 2.27216
 0.461322
 0.485884
 0.556883
 0.949655
 0.954757
 -0.0475732
 -0.140225
 0.772697
 0.336589
 0.648849
 0.755803
 0.846748
 0.569869
 0.923583
 0.696469
 0.45089
 0.500969
 1.26095
 -0.561238
 -1.40756
 -0.463225
 -0.522291
 -0.33716
 0.34899
 0.67783
 0.864926
 0.450226
 0.945314
 1.69851
 1.02342
 0.68841
 0.659712
 0.434742
 0.497333
 -0.25941
 -0.740674
 0.0265016
 -0.331338
 -0.765218
 0.919347
 -0.384509
 0.429289
 0.773422
 0.158585
 -0.149095
 0.270415
 0.648472
 -0.0580867
 -0.50295
 -0.0591878
 -1.7908
 -0.656809
 0.0919316
 1.21448
 0.508334
 -0.147065
 -1.63431
 -0.917478
 -0.991091
 -0.511786
 -0.520323
 -0.264064
 -0.714595
 -1.13884
 -1.14146
 -2.404
 -0.205213
 1.91885
 1.17932
 1.03532
 0.0116805
 0.439733
 1.06217
 1.32187
 0.87533
 0.841828
 0.943061
 1.78252
 1.12789
 -0.0868894
 0.0437632
 -0.891663
 -0.880714
 -1.0169
 0.363033
 2.02372
 1.912
 1.40438
 0.323592
 0.939993
 -0.462533
 -0.0951838
 0.834143
 -0.0785856
 0.439899
 -0.87703
 -0.87358
 -1.28131
 -0.469067
 -0.858207
 -0.947582
 -0.84973
 0.037145
 -0.072435
 -0.988456
 -1.02337
 -1.34615
 -2.19825
 -1.14681
 -0.158237
 -0.71292
 -0.331507
 -1.26412
 -2.27795
 -1.42667
 -1.76259
 -0.564772
 0.35175
 0.363054
 -1.30793
 -0.361971
 0.0378388
 0.171486
 1.32034
 0.632775
 2.15758
 1.07584
 1.03413
 -0.338995
 0.0584384
 -0.429907
 -2.32914
 -2.05663
 -0.703277
 -1.01957
 -1.21553
 -0.841534
 -1.86028
 -1.10443
 -0.598716
 -1.19969
 0.12216
 0.201485
 0.0933677
 0.408817
 1.13747
 1.14296
 1.92128
 0.833752
 0.813754
 0.880623
 0.833366
 0.799096
 0.915454
 0.703393
 0.0903399
 0.644642
 0.446256
 2.49339
 1.60729
 1.29606
 0.486472
 0.517343
 0.596636
 -0.164094
 0.496415
 1.30675
 -0.997789
 -0.997724
 -1.15269
 -0.160006
 -0.758235
 0.526085
 0.816547
 -0.474425
 0.553618
 1.65253
 1.54276
 0.24586
 0.439998
 0.537424
 -0.270578
 0.130845
