 0.116017
 -0.992542
 -1.07969
 -0.188016
 -0.774452
 -0.805227
 -0.530224
 -0.246496
 -1.24981
 -0.236518
 -1.16714
 -0.102732
 -0.55598
 0.32295
 -0.0150467
 0.604841
 0.231352
 0.728214
 -0.238935
 -1.6018
 -1.01711
 -0.509519
 -0.571585
 -0.281439
 0.580758
 -0.802959
 -0.853356
 -0.825288
 0.0487017
 -0.189216
 0.756275
 0.497196
 0.610361
 0.113732
 0.390824
 -0.244476
 -0.595069
 -0.557195
 0.290055
 1.50925
 0.716543
 0.214509
 0.0648839
 -0.549947
 -0.714549
 -0.736444
 -1.75043
 -0.541087
 -1.16626
 -0.787572
 -0.875441
 -1.58473
 -1.279
 -1.97579
 -1.76573
 -1.66877
 -0.79844
 -0.756255
 0.120822
 0.208692
 -0.0118468
 -0.053284
 -0.309864
 0.670733
 0.0545765
 0.819229
 0.345111
 0.317131
 1.20289
 0.328102
 -0.235315
 -0.157386
 -0.485126
 -0.166176
 -0.619167
 -1.10203
 -0.930387
 -1.25233
 -0.800025
 -0.478773
 -1.62915
 -0.655324
 -0.675675
 -1.44238
 -0.973171
 -2.8413
 -2.05459
 -1.76624
 -1.2526
 -0.780945
 -0.882829
 -0.138598
 -0.171827
 0.702368
 0.266933
 0.4354
 1.39164
 1.64512
 1.52977
 0.978658
 1.79405
 1.749
 0.356997
 0.938833
 1.05632
 1.09644
 -0.245302
 0.5455
 0.232827
 0.581846
 0.345348
 -0.75918
 -0.75684
 -0.486356
 -0.42913
 -0.904817
 0.812833
 1.43121
 0.771772
 0.508555
 1.27702
 0.442797
 -0.411331
 -0.602486
 -0.983182
 0.273484
 -0.481498
 -0.584079
 -0.580005
 -0.267464
 0.358399
 -0.832285
 -0.252092
 0.721814
 1.70221
 1.99886
 1.95934
 1.39753
 2.54012
 2.83071
 2.56806
 2.1129
 1.24037
 0.662044
 0.313757
 0.356887
 0.348996
 0.859372
 1.66375
 2.68907
 1.41169
 1.90916
 1.67787
 1.20049
 2.63425
 1.35515
 1.18823
 0.670773
 1.06479
 0.913996
 1.63193
 0.811496
 -0.156399
 -0.0559023
 0.43449
 -0.889071
 -1.36588
 -0.738134
 -1.18292
 -0.588672
 -0.696453
 -0.0621445
 -0.116329
 0.779353
 0.0195874
 1.46234
 0.422842
 -0.35114
 -0.145932
 -0.168898
 -0.522902
 -0.896517
 0.080063
 -0.413895
 -1.33033
 -0.497895
 -0.694559
 -1.34967
 -0.891726
 -2.1064
 -0.630045
 0.576512
 0.839744
 1.17228
 1.1039
 0.155502
 1.14034
 -0.159426
 0.574897
 0.393377
 0.882277
 1.92063
 2.33463
 2.87751
 1.27229
 -0.301372
 0.465949
 0.0667137
 -1.37454
 -1.6311
 -1.39919
 -1.39481
 -1.03836
 0.224547
 0.175257
 -0.432336
 -0.388986
 -0.162924
 0.535218
 0.44707
 1.23111
 0.529375
 0.0317103
 -0.234277
 0.0437852
 -0.175218
 0.0816728
 -0.0541971
 -0.633139
 -0.739447
 -0.829784
 -0.155254
 0.579887
 0.719534
 0.552385
 1.42207
 1.8482
 2.30482
 1.65651
 1.36247
 0.550688
 0.569865
 -0.261295
 -0.102285
 -0.32072
 0.439098
 0.616633
 -0.00420617
 -0.974492
 -0.289959
 0.0992991
 0.489286
 0.678618
 0.625871
 0.0282968
 -0.506179
 0.668145
 0.534479
 0.862727
 0.335268
 -0.00278136
 -0.39643
 -0.325203
 0.855171
 -0.0268535
 0.158085
 0.259162
 0.0134012
 -1.25422
 0.471733
 0.319819
 0.181158
 -0.362109
 -0.417954
 0.815764
 0.669486
 0.357552
 0.144984
 -0.690809
 -0.553917
 -1.7145
 -2.08618
 -2.27451
 -1.70287
 -0.489285
 -0.492166
 -0.524587
 0.183785
 -0.139335
 1.13508
 1.04866
 -0.340921
 -0.830771
 -1.16041
 -1.09538
 -0.219344
 -0.189369
 -0.067081
 0.80847
 -0.100906
 0.808446
 0.616178
 -0.0767636
 0.301059
 0.184767
 0.430237
 0.237674
 -0.422632
 0.366249
 -0.672463
 0.0606208
 0.224044
 0.431315
 1.2066
 0.927676
 0.498001
 0.10559
 -0.721409
 -1.15731
 -0.910187
 -0.246906
 0.51184
 0.725957
 1.08773
 2.27269
 2.42622
 1.34976
 0.821609
 1.5649
 0.87947
 0.774543
 -0.5616
 -1.71395
 -1.68416
 -0.43449
 0.587675
 0.930207
 0.737139
 0.79156
 -0.150819
 -0.758081
 -0.302521
 -1.611
 -2.60044
 -2.05625
 -1.93016
 -1.61484
 -1.09724
 0.734906
 1.15872
 0.481105
 -0.42806
 0.207189
 1.32209
 1.55857
 1.28052
 0.963619
 0.844262
 1.0112
 0.855028
 0.812841
 2.22609
 1.17934
 0.569615
 0.306917
 0.512381
 -0.105478
 0.631439
 -0.0872366
 -0.452485
 0.456946
 0.506518
 -0.546261
 -0.0611614
 -0.697296
 -0.466002
 -0.625921
 -1.02355
 0.433291
 1.76839
 1.23277
 1.30628
 0.360099
 -1.13923
 -1.24656
 -1.09454
 -1.04533
 0.0408919
 -1.13186
 -0.790843
 -0.962086
 -0.352442
 0.171934
 0.199646
 -0.381379
 -1.1552
 -0.461789
 -0.405282
 -0.930734
 -1.18663
 -1.93727
 -1.51398
 -0.569225
 -0.276228
 0.180317
 -0.432661
 -1.76687
 -1.12893
 -1.82648
 -1.71458
 -1.88863
 -1.47669
 -2.89349
 -1.79025
 -2.11934
 -1.40739
 -1.44459
 -2.01285
 -2.14417
 -2.62785
 -2.02124
 -1.00344
 0.831805
 1.17354
 1.90841
 1.45659
 0.844344
 0.780648
 1.26817
 1.58529
 0.842524
 -0.861396
 -0.988641
 -0.792854
 0.0923038
 -0.725292
 -0.0598349
 0.0599698
 1.23324
 1.52016
 1.80097
 0.535269
 0.198859
 0.41228
 0.226475
 1.20019
 1.40842
 1.12429
 1.03771
 1.23941
 1.52826
 1.13046
 1.59527
 1.28263
 1.61022
 0.216276
 0.778273
 0.615871
 0.703461
 0.761869
 1.03436
 0.633157
 0.430934
 -0.71518
 -0.412629
 -0.806407
 -0.294177
 -0.463274
 -0.675791
 -0.622589
 -0.298467
 0.0200293
 -0.379793
 0.165288
 -1.16611
 -1.17554
 -0.45606
 -0.878377
 -0.334346
 -1.48094
 -0.261768
 -0.113386
 -0.474077
 -0.769778
 -0.256978
 -1.1536
 0.366065
 0.196361
 0.383516
 -1.06397
 -1.04604
 -1.14993
 -2.3665
 -1.59782
 -1.9543
 -1.96931
 -1.45635
 -0.915725
 -0.420834
 -0.452801
 -0.813011
 -0.652181
 0.156531
 -0.530793
 -0.924442
 -0.730535
 0.419189
 1.09293
 0.951919
 1.23213
 1.79176
 2.44163
 2.35349
 1.94481
 0.876403
 0.875426
 1.04307
 0.797613
 0.744706
 0.456314
 0.226078
 -0.157261
 -0.90657
 -0.760761
 -0.415601
 -1.37961
 -1.99582
 -1.95192
 -1.95636
 -1.00185
 -1.41479
 -1.46785
 -1.48947
 -0.827313
 -0.169482
 0.0225954
 0.472003
 -0.354125
 -1.08472
 -1.04431
 -0.64912
 -0.465031
 0.48938
 -0.679374
 0.150103
 -0.514135
 -1.34509
 -1.57572
 -1.32955
 -2.29257
 -2.71235
 -1.90643
 -1.57938
 -2.15579
 -0.136656
 -0.0836342
 1.27272
 0.0336911
 -0.13689
 -0.258417
 0.0310118
 -0.273888
 0.540663
 0.848911
 0.884136
 1.21651
 -0.0611595
 -1.55288
 -1.35943
 -1.05396
 -1.66395
 -1.23148
 -1.9302
 -0.912289
 -1.41529
 -1.24504
 -0.566036
 -0.726299
 -0.731884
 -0.259553
 0.96107
 1.25463
 1.76635
 1.10095
 1.43324
 1.54827
 0.632365
 -0.0122639
 -0.931242
 -1.48614
 -0.326452
 0.657932
 1.96116
 1.28345
 0.302262
 0.37585
 -0.185197
 0.377213
 -0.0219738
 -0.771512
 0.323086
 0.858647
 0.969131
 0.595752
 -1.16135
 -1.30844
 -1.7653
 -0.760864
 -0.261074
 -0.766278
 -0.567209
 -1.72574
 -0.893542
 0.14132
 -0.513205
 0.0918801
 0.0171742
 0.834707
 -0.0463755
 0.349675
 0.355977
 0.0060806
 -0.519895
 -0.269297
 -0.0588333
 0.421517
 0.066899
 -0.253554
 0.936685
 0.963972
 1.39875
 0.880543
 0.289607
 0.50534
 0.130484
 0.545574
 0.474307
 0.958499
 0.0981837
 -0.246361
 0.409631
 -0.135021
 0.232292
 0.781725
 0.522353
 0.5569
 0.162692
 -1.00842
 -0.246027
 0.639149
 0.324942
 0.775733
 -0.572546
 -0.153742
 0.119709
 0.154166
 0.453335
 0.473737
 0.602874
 -0.235765
 -0.720354
 -0.860836
 -0.485856
 -0.0101114
 0.0833292
 -0.0416682
 -0.475045
 -0.365807
 -0.692331
 -1.26895
 -0.779742
 -0.971478
 0.541286
 0.81792
 1.84766
 1.40133
 0.69068
 0.0719416
 0.961058
 0.620778
 -0.491573
 -1.13556
 -1.12654
 -0.866201
 0.624776
 -0.513366
 -0.826535
 0.287132
 0.738187
 -0.277747
 0.362901
 -0.390322
 -0.729317
 -1.30174
 -0.764332
 -1.15434
 -1.36137
 -0.230362
 -0.380775
 -0.16838
 0.85033
 1.73236
 1.55661
 1.64052
 1.26296
 1.51442
 1.30212
 1.25327
 0.448629
 0.363826
 -0.527649
 -0.419591
 0.342593
 -1.20866
 -0.852542
 -1.14902
 -2.15674
 -1.6704
 -0.990459
 -0.38446
 -1.28521
 -0.849343
 -1.90883
 -1.76547
 -0.672402
 1.19045
 1.42222
 1.21284
 1.52343
 0.464437
 -0.607565
 -1.47979
 -1.59153
 -0.914769
 0.118077
 0.127503
 0.0782349
 -0.0142697
 -0.982593
 -0.280091
 0.155618
 1.45349
 1.07658
 0.524046
 0.863955
 -0.504335
 -1.07559
 -1.17127
 -0.648506
 -0.208251
 -0.712681
 -0.607474
 -1.02562
 -1.15742
 -0.820382
 -1.21193
 -1.37027
 -2.25047
 -1.5677
 -1.93034
 -2.05048
 -0.647363
 0.0335352
 -0.0686318
 0.781722
 0.700432
 -0.0472388
 0.119342
 0.520623
 0.386732
 -0.756842
 -0.850365
 0.102332
 0.213182
 1.42958
 0.502967
 0.355758
 0.189156
 -0.352724
 -0.443949
 -0.866551
 -1.27609
 -1.94387
 -0.71933
 -1.70873
 -0.598933
 -0.845926
 0.487954
 -0.331577
 -0.877086
 -0.943328
 -2.88266
 -1.39191
 -1.06369
 -1.02928
 -1.38224
 -1.19056
 -0.670263
 -1.436
 -1.38913
 -0.435558
 -0.468207
 0.353593
 -0.7623
 -0.64573
 -0.375506
 -0.762853
 -1.32615
 -0.787659
 0.576862
 -0.486687
 -1.05527
 -0.86266
 -0.19388
 0.0472913
 0.410348
 1.28602
 0.729544
 2.05107
 0.694864
 0.583159
 0.576362
 1.08854
 1.03741
 0.0202527
 -0.0857808
 0.740934
 0.368002
 0.756689
 0.835546
 0.854164
 0.551618
 1.04906
 0.696325
 0.481639
 0.494877
 1.29564
 -0.324587
 -1.38113
 -0.555259
 -0.482082
 -0.452604
 0.331503
 0.734084
 0.965986
 0.583685
 1.07117
 1.73711
 1.13148
 0.702661
 0.756683
 0.506528
 0.491208
 -0.120713
 -0.708913
 -0.0718412
 -0.348356
 -0.770709
 0.838826
 -0.293388
 0.542596
 0.821308
 0.249125
 -0.0720364
 0.310259
 0.712857
 0.0406359
 -0.398916
 -0.0416307
 -1.48691
 -0.874593
 0.00799751
 1.11261
 0.55073
 0.0842944
 -1.3654
 -1.19842
 -0.967831
 -0.615591
 -0.646043
 -0.338298
 -0.697852
 -1.2272
 -1.19591
 -2.21359
 -0.462791
 1.66269
 1.32377
 1.14945
 0.20315
 0.486976
 1.16467
 1.36151
 0.930905
 0.924135
 1.03942
 1.75362
 1.26264
 0.0750026
 0.0489276
 -0.878675
 -0.969883
 -1.17546
 0.290253
 1.72027
 2.02869
 1.60908
 0.586701
 0.963031
 -0.40979
 -0.112538
 0.964607
 0.019492
 0.450173
 -0.885041
 -0.803529
 -1.40974
 -0.653794
 -0.930893
 -1.01278
 -0.961227
 0.00940296
 -0.119232
 -0.951796
 -1.12294
 -1.56547
 -2.20343
 -1.38653
 -0.238201
 -0.697258
 -0.472377
 -1.16853
 -2.12438
 -1.72947
 -1.93104
 -0.688958
 0.332253
 0.364762
 -1.26814
 -0.445738
 -0.0385636
 0.169255
 1.25208
 0.681868
 2.03037
 1.22219
 1.18455
 -0.224766
 0.0218202
 -0.504213
 -3.26627
 -2.40924
 -0.935739
 -1.06591
 -1.18887
 -0.803682
 -1.8051
 -1.29341
 -0.798905
 -1.2752
 0.0872167
 0.131916
 0.150919
 0.39545
 1.18819
 1.18772
 1.84827
 1.08988
 0.928174
 0.982199
 0.905786
 0.835539
 0.962019
 0.752774
 0.164778
 0.761007
 0.515951
 2.40064
 1.87132
 1.51477
 0.655533
 0.487896
 0.672887
 0.0547499
 0.512896
 1.41493
 -0.683041
 -1.02905
 -1.18271
 -0.193741
 -0.693054
 0.526047
 0.879537
 -0.416015
 0.510584
 1.47465
 1.81546
 0.4833
 0.532097
 0.654536
 -0.11737
 0.159441
