 -1.01332
 -0.901357
 -0.344645
 -0.842779
 -0.691265
 -0.67562
 -0.249833
 -1.07277
 -0.183468
 -1.03619
 -0.406409
 -0.329255
 0.174815
 0.1179
 0.425302
 0.274571
 0.799613
 -0.301246
 -1.7135
 -0.815669
 -0.670536
 -0.441672
 -0.300507
 0.407521
 -0.690537
 -0.895617
 -0.706303
 -0.0769532
 0.101183
 0.5793
 0.42821
 0.630337
 0.239447
 0.0284558
 -0.221833
 -0.474051
 -0.438365
 0.376348
 1.3246
 0.794489
 0.215729
 0.158873
 -0.511465
 -0.859349
 -0.712667
 -1.8646
 -0.466928
 -1.02171
 -0.768192
 -1.06504
 -1.4212
 -1.56167
 -1.64637
 -1.96954
 -1.75152
 -0.913906
 -0.72892
 0.210393
 0.233578
 -0.0121706
 -0.102634
 -0.124571
 0.45986
 0.17494
 0.785765
 0.385614
 0.394982
 1.16899
 0.287849
 -0.17092
 -0.261554
 -0.496434
 -0.173511
 -0.693338
 -1.10359
 -0.93081
 -1.09387
 -0.939117
 -0.448356
 -1.68228
 -0.639667
 -0.718612
 -1.37055
 -0.96842
 -2.91536
 -2.08373
 -1.71918
 -1.26258
 -0.744618
 -0.855663
 -0.107487
 -0.123796
 0.469866
 0.411864
 0.36678
 1.43617
 1.69327
 1.40885
 1.20972
 1.78445
 1.49345
 0.712478
 0.691535
 1.16999
 1.06832
 -0.213165
 0.523603
 0.283656
 0.537015
 0.371889
 -0.777638
 -0.80141
 -0.353399
 -0.638983
 -0.833576
 0.886098
 1.35558
 0.880725
 0.421124
 1.44487
 0.326176
 -0.533879
 -0.565302
 -0.766563
 0.00973597
 -0.276061
 -0.667304
 -0.612742
 -0.175041
 0.298833
 -0.72826
 -0.351069
 0.750528
 1.82275
 1.83499
 1.79292
 1.78746
 2.5314
 2.59972
 2.74964
 2.18408
 0.968332
 0.782918
 0.28577
 0.270393
 0.362394
 0.969321
 1.91713
 2.47595
 1.41253
 1.91328
 1.61859
 1.48624
 2.54906
 1.31241
 0.957992
 0.763888
 1.0017
 1.26407
 1.58185
 0.621469
 -0.0623933
 -0.00745176
 0.214492
 -0.747981
 -1.35008
 -0.970096
 -0.969718
 -0.815697
 -0.503217
 -0.0280872
 -0.0416436
 0.590693
 0.211853
 1.26824
 0.478423
 -0.241177
 -0.141967
 -0.141897
 -0.760139
 -0.89078
 0.187143
 -0.478193
 -1.17766
 -0.650098
 -0.678244
 -1.30326
 -1.03223
 -1.89857
 -0.526033
 0.375679
 0.945932
 1.07291
 0.91967
 0.496519
 1.04183
 -0.220487
 0.622374
 0.354213
 0.940888
 1.93529
 2.34382
 2.91251
 1.20781
 -0.346701
 0.363869
 0.14312
 -1.32287
 -1.64394
 -1.46264
 -1.49009
 -1.08877
 0.384965
 0.253203
 -0.32793
 -0.561149
 -0.182452
 0.601098
 0.647486
 1.1992
 0.298168
 0.0936829
 -0.203694
 -0.15359
 0.0618675
 -0.00987571
 0.013312
 -0.75708
 -0.66934
 -0.745027
 -0.266042
 0.635868
 0.715408
 0.707474
 1.18118
 2.00892
 2.34801
 1.7881
 1.26573
 0.400727
 0.641637
 -0.286902
 -0.328113
 -0.187741
 0.570055
 0.594863
 0.0565363
 -1.01687
 -0.460086
 0.432851
 0.253046
 0.661625
 0.560967
 0.0780359
 -0.402019
 0.763604
 0.331346
 0.779788
 0.612577
 -0.0208745
 -0.393759
 -0.196062
 0.540609
 0.123592
 0.134328
 0.075238
 0.0607871
 -1.06591
 0.338829
 0.53069
 0.00590837
 -0.442767
 -0.31843
 0.975374
 0.41684
 0.564336
 0.202873
 -0.704469
 -0.683743
 -1.7578
 -2.05116
 -2.45714
 -1.40515
 -0.740233
 -0.499645
 -0.536584
 0.264523
 0.054074
 0.87568
 0.988661
 -0.0936441
 -0.900051
 -1.26345
 -0.998562
 -0.177336
 -0.330343
 0.11441
 0.582398
 0.0228458
 0.778118
 0.482445
 -0.0032435
 0.284015
 0.280432
 0.399359
 0.334752
 -0.528251
 0.329426
 -0.567967
 0.0757581
 0.109629
 0.425718
 1.44074
 0.741536
 0.584841
 -0.0304067
 -0.705811
 -0.988399
 -1.14277
 -0.115874
 0.410704
 0.970412
 0.966452
 2.16704
 2.50258
 1.34151
 0.905545
 1.42258
 1.02677
 0.701972
 -0.675666
 -1.76946
 -1.51721
 -0.333744
 0.59358
 0.930813
 0.856185
 0.61925
 -0.116797
 -0.837108
 -0.495874
 -1.45923
 -2.6155
 -1.96497
 -1.90327
 -1.68008
 -0.943373
 0.557066
 1.20009
 0.217476
 -0.111764
 0.183205
 1.29982
 1.52137
 1.2481
 1.06697
 0.76428
 1.09717
 0.981507
 0.889436
 1.99634
 1.27267
 0.532681
 0.335298
 0.711004
 -0.0855426
 0.292606
 0.0524341
 -0.391889
 0.44997
 0.331944
 -0.49975
 0.0445259
 -0.923256
 -0.371308
 -0.789395
 -0.98918
 0.542769
 1.80241
 1.17796
 1.58468
 0.266225
 -1.02449
 -1.35336
 -1.20678
 -1.22663
 0.226706
 -0.888664
 -1.24644
 -0.784571
 -0.181699
 -0.127169
 0.166369
 -0.231702
 -1.22858
 -0.342517
 -0.562866
 -0.827307
 -1.17213
 -1.89982
 -1.58707
 -0.543383
 -0.271385
 0.164326
 -0.494631
 -1.61628
 -1.44866
 -1.67515
 -1.77612
 -1.88525
 -1.40465
 -2.88515
 -1.93175
 -2.22767
 -1.31916
 -1.37473
 -2.19857
 -2.07568
 -2.64977
 -1.92874
 -1.01678
 0.865339
 1.35714
 1.70849
 1.52379
 0.771999
 0.925138
 1.13163
 1.69781
 0.76651
 -0.817894
 -1.29948
 -0.60494
 0.206243
 -0.700173
 -0.0474725
 -0.195404
 1.32116
 1.72047
 1.84976
 0.366683
 0.181432
 0.525415
 0.227195
 1.1678
 1.53703
 0.935934
 0.99638
 1.41561
 1.57533
 0.955034
 1.84828
 1.10372
 1.42759
 0.446206
 0.812364
 0.526589
 0.683632
 0.856679
 1.10666
 0.63775
 0.137016
 -0.581663
 -0.420003
 -0.738189
 -0.195892
 -0.64076
 -0.46655
 -0.723708
 -0.342588
 0.050568
 -0.237705
 0.0622981
 -1.27527
 -1.22066
 -0.430818
 -0.826055
 -0.450503
 -1.37964
 -0.140979
 -0.245435
 -0.33219
 -0.956092
 -0.400785
 -0.948452
 0.201437
 0.332631
 0.289417
 -1.01955
 -1.00468
 -1.09824
 -2.48464
 -1.56399
 -1.90893
 -2.16407
 -1.32235
 -1.00145
 -0.391542
 -0.417757
 -0.940322
 -0.413491
 -0.0804611
 -0.407905
 -0.945326
 -0.661052
 0.510951
 0.8773
 0.87622
 1.65403
 1.56363
 2.48159
 2.35854
 2.10725
 0.759896
 0.877449
 0.859029
 0.912562
 0.614852
 0.552641
 0.19349
 -0.176962
 -0.708656
 -1.07943
 -0.170113
 -1.4349
 -2.29669
 -1.72013
 -1.73374
 -1.28286
 -1.42223
 -1.51845
 -1.36206
 -0.862105
 -0.0932207
 0.113895
 0.321579
 -0.331963
 -0.824037
 -1.25512
 -0.684976
 -0.39574
 0.101096
 -0.347098
 -0.10101
 -0.296386
 -1.42657
 -1.57426
 -1.30801
 -2.32474
 -2.79806
 -1.73041
 -1.63813
 -2.13815
 -0.118927
 0.13448
 0.968002
 0.201714
 -0.242588
 -0.153039
 -0.208287
 -0.216071
 0.55551
 1.00752
 0.670182
 1.24875
 -0.0888543
 -1.57419
 -1.29949
 -1.11446
 -1.65222
 -1.18697
 -2.02282
 -0.949273
 -1.44801
 -1.10267
 -0.540638
 -0.882276
 -0.549957
 -0.398152
 0.934669
 1.31811
 1.67299
 1.30419
 1.47591
 1.25192
 0.815446
 -0.148725
 -0.663132
 -1.40926
 -0.542379
 0.550579
 2.10019
 1.12072
 0.403099
 0.316751
 0.0192275
 0.324995
 -0.128256
 -0.552937
 0.27714
 0.907244
 0.82391
 0.473685
 -1.19246
 -1.20464
 -1.75799
 -0.709234
 -0.180861
 -0.942925
 -0.590938
 -1.56975
 -0.877669
 -0.187121
 -0.211318
 -0.0566959
 0.350509
 0.465978
 0.154253
 0.337253
 0.472847
 -0.14952
 -0.544124
 -0.368739
 0.0351891
 0.622652
 -0.103023
 -0.303058
 0.941092
 0.892967
 1.45674
 0.890229
 0.153792
 0.72794
 0.110497
 0.435719
 0.555881
 0.928317
 0.108526
 -0.0852725
 0.222312
 -0.0360677
 0.454706
 0.555012
 0.444877
 0.68845
 -0.0513724
 -0.889591
 -0.250354
 0.595262
 0.434825
 0.749586
 -0.639601
 -0.0277708
 0.21149
 -0.0945705
 0.579488
 0.706914
 0.408443
 -0.194412
 -0.850648
 -0.780459
 -0.545108
 0.0771096
 -0.122977
 -0.0384689
 -0.264065
 -0.459604
 -0.597596
 -1.31817
 -1.0708
 -0.568953
 0.522539
 0.78158
 1.71121
 1.36821
 0.826438
 0.226236
 0.849475
 0.422566
 -0.354319
 -1.27667
 -1.1338
 -0.783206
 0.501273
 -0.383619
 -0.587179
 0.109715
 0.624969
 -0.0167419
 0.243746
 -0.390585
 -0.852103
 -1.31946
 -0.712853
 -1.25047
 -1.31824
 -0.208954
 -0.454107
 0.0228247
 0.649204
 1.92475
 1.46895
 1.71263
 1.3719
 1.55293
 1.21234
 1.19629
 0.400415
 0.367436
 -0.478823
 -0.390308
 0.248028
 -1.06964
 -0.740953
 -1.24874
 -2.33718
 -1.41061
 -1.19863
 -0.73489
 -0.908921
 -0.915874
 -1.79648
 -1.9738
 -0.387325
 1.07499
 1.29687
 1.31634
 1.36942
 0.677522
 -0.777267
 -1.16877
 -1.80067
 -0.912253
 0.11488
 0.0543545
 -0.126975
 0.0729172
 -0.758322
 -0.26122
 0.00955368
 1.5899
 1.03799
 0.748986
 0.671797
 -0.578021
 -1.10321
 -1.31947
 -0.610079
 -0.0978073
 -0.817082
 -0.524979
 -1.06305
 -1.15282
 -0.756245
 -1.14702
 -1.46308
 -2.16098
 -1.69923
 -2.00899
 -1.89264
 -0.688814
 -0.135597
 0.100429
 0.757972
 0.718934
 -0.0458894
 0.0582058
 0.532331
 0.178283
 -0.439226
 -1.00914
 0.0124299
 0.378988
 1.43795
 0.543913
 0.225728
 0.479741
 -0.519913
 -0.524821
 -0.923253
 -1.32969
 -1.79268
 -0.748959
 -1.61938
 -0.890421
 -0.562837
 0.279387
 -0.128421
 -0.866559
 -1.08528
 -2.91548
 -1.60387
 -0.720033
 -1.10575
 -1.47711
 -1.18083
 -0.609705
 -1.62411
 -1.12968
 -0.550481
 -0.371782
 0.0607082
 -0.531432
 -0.753901
 -0.423818
 -0.509637
 -1.3103
 -0.967618
 0.568258
 -0.35118
 -1.15439
 -0.967961
 -0.209852
 0.0671527
 0.399201
 1.32748
 0.800215
 1.90796
 1.01155
 0.283353
 0.810123
 1.04973
 0.756742
 0.298991
 -0.207805
 0.805527
 0.450601
 0.790286
 0.614813
 0.793018
 0.840214
 0.820062
 0.823751
 0.379359
 0.665797
 1.27233
 -0.258555
 -1.37152
 -0.634875
 -0.6252
 -0.389644
 0.349348
 0.788534
 1.14499
 0.514365
 1.05241
 1.62451
 1.03615
 0.898266
 0.790841
 0.374661
 0.522004
 -0.111441
 -0.744174
 -0.221614
 -0.280948
 -0.615264
 0.593084
 0.189481
 0.201587
 0.909017
 0.341483
 -0.0134177
 0.173027
 0.649872
 0.175183
 -0.314136
 -0.315862
 -1.48767
 -0.836575
 -0.0189859
 1.14221
 0.79425
 -0.205658
 -1.45741
 -0.888422
 -1.13687
 -0.774659
 -0.472382
 -0.338868
 -0.791015
 -1.10142
 -1.29988
 -2.20047
 -0.310371
 1.56879
 1.29333
 1.14646
 0.260752
 0.517007
 0.982355
 1.43314
 1.00292
 0.900375
 1.1415
 1.72136
 1.13091
 0.265244
 -0.0346827
 -0.913907
 -1.22466
 -0.911266
 0.237034
 1.7959
 2.09754
 1.60475
 0.459341
 0.911404
 -0.166007
 -0.00704521
 0.637688
 0.225678
 0.252026
 -0.578378
 -1.03873
 -1.41644
 -0.765973
 -0.892628
 -0.986665
 -0.780523
 -0.176553
 -0.0128553
 -1.03125
 -1.28015
 -1.49564
 -2.05842
 -1.42633
 -0.205836
 -0.851425
 -0.318984
 -1.30994
 -2.1989
 -1.59702
 -1.82558
 -0.829096
 0.307283
 0.148756
 -0.885905
 -0.620897
 0.077995
 0.101145
 1.19985
 0.928324
 1.82575
 1.33756
 1.08987
 -0.17342
 -0.236665
 -0.647325
 -3.03506
 -2.32933
 -1.01938
 -0.836254
 -1.13088
 -1.12101
 -1.73938
 -1.38148
 -0.685386
 -1.20369
 -0.0808249
 0.298461
 0.0285583
 0.432958
 1.05053
 1.41532
 1.93862
 1.01967
 0.88597
 0.941203
 0.919191
 0.736187
 1.09413
 0.756669
 0.304996
 0.656125
 0.732879
 2.27656
 1.92628
 1.34723
 0.537191
 0.649285
 0.801468
 -0.0989237
 0.625711
 1.09065
 -0.454211
 -1.02498
 -1.06451
 -0.305304
 -0.617049
 0.410347
 0.82327
 -0.377234
 0.575408
 1.69099
 1.57889
 0.572604
 0.73438
 0.407748
 -0.0617639
 0.310403
