 -1.1514
 -0.296951
 0.230227
 -0.755815
 -0.290388
 -0.287674
 0.0661238
 -1.0427
 0.494375
 -0.92778
 0.29006
 -0.325786
 0.469247
 -0.0443993
 0.413469
 -0.0297745
 0.603003
 -0.72717
 -1.80981
 0.305641
 -0.207365
 -0.154474
 0.0208138
 0.501051
 -1.07551
 -0.430366
 -0.225189
 0.35826
 0.0810361
 0.599999
 0.110005
 0.348734
 -0.11844
 0.018761
 -0.515695
 -0.384449
 -0.111755
 0.590333
 1.24815
 -0.134562
 -0.172646
 0.120826
 -0.622373
 -0.520968
 -0.266547
 -1.75117
 0.69036
 -0.784862
 -0.0712816
 -0.649065
 -0.821999
 -0.672148
 -0.861377
 -0.837202
 -0.718506
 0.031003
 -0.441425
 0.567918
 0.155922
 -0.196582
 -0.0583619
 -0.106897
 0.569904
 -0.222354
 0.735585
 -0.0632359
 0.254284
 0.989939
 -0.50642
 -0.260193
 -0.0712938
 -0.472161
 0.172308
 -0.669712
 -0.711105
 -0.376147
 -0.619615
 -0.248139
 0.0258924
 -1.78288
 0.454429
 -0.490073
 -0.933933
 -0.156322
 -1.98432
 -0.632822
 -0.637704
 -0.345102
 -0.0352838
 -0.535083
 0.411938
 -0.060298
 0.535438
 0.0919227
 0.224177
 1.28391
 0.786441
 0.478366
 0.390404
 1.41558
 0.392365
 -0.233822
 0.498713
 0.656749
 0.454258
 -0.792838
 0.690258
 0.00891203
 0.39925
 0.115401
 -0.993093
 -0.320497
 0.117028
 -0.472243
 -0.566302
 1.57499
 0.67096
 0.16273
 0.0439052
 1.29336
 -0.587097
 -0.650019
 -0.302468
 -0.490442
 0.549843
 -0.499222
 -0.386363
 -0.23681
 0.185082
 0.401381
 -0.909539
 0.201869
 0.855509
 1.62965
 0.716282
 0.742981
 0.70084
 2.03961
 1.14924
 1.36528
 0.657077
 -0.140062
 0.2375
 -0.111
 0.175792
 0.177678
 0.670935
 1.65652
 1.62191
 -0.235997
 1.43282
 0.418446
 0.561623
 2.15987
 -0.393567
 0.375252
 0.174876
 0.537092
 0.620455
 1.13498
 -0.385897
 -0.455246
 0.188706
 0.257048
 -1.04476
 -0.755182
 -0.209904
 -0.61966
 -0.161128
 -0.226022
 0.325544
 -0.0311317
 0.606249
 -0.25206
 1.45302
 -0.5736
 -0.445384
 0.148136
 -0.0650631
 -0.667304
 -0.583007
 0.631238
 -0.629956
 -0.847403
 0.125523
 -0.512431
 -0.835788
 -0.310884
 -1.69405
 0.795596
 0.612774
 0.606622
 0.573048
 0.319916
 -0.1137
 0.945244
 -0.8727
 0.758702
 0.049473
 0.668928
 1.68935
 1.2192
 1.85012
 -0.63256
 -0.894785
 0.555258
 -0.176759
 -1.6665
 -0.638048
 -0.598354
 -0.698368
 -0.394651
 0.879047
 0.0540903
 -0.529519
 -0.257083
 0.102962
 0.589067
 0.33424
 0.959057
 -0.473377
 -0.0355195
 -0.28196
 0.0416521
 0.0376002
 0.0594994
 -0.0244833
 -0.731225
 -0.310185
 -0.388747
 0.232462
 0.64127
 0.369609
 0.323268
 0.865064
 1.40562
 1.34041
 0.422418
 0.408519
 -0.345488
 0.429065
 -0.656378
 -0.0875867
 -0.164734
 0.64653
 0.3265
 -0.356987
 -0.908979
 0.162521
 0.500689
 0.209412
 0.391231
 0.215525
 -0.383781
 -0.438983
 1.12001
 -0.129042
 0.50002
 0.163773
 -0.31526
 -0.357033
 0.123571
 0.660337
 -0.399986
 0.251856
 -0.0162649
 -0.0841815
 -1.19659
 1.15412
 0.214628
 -0.233833
 -0.533206
 -0.0325995
 1.23219
 -0.159504
 0.293473
 -0.00109819
 -0.744868
 -0.221785
 -1.70588
 -0.775229
 -1.55565
 0.0794011
 0.109477
 -0.296102
 -0.293935
 0.510436
 -0.0851091
 0.966884
 0.347325
 -0.716122
 -0.667221
 -0.715005
 -0.381715
 0.409507
 -0.27204
 0.293854
 0.528777
 -0.490792
 0.88606
 0.0429723
 -0.440693
 0.372364
 0.120895
 0.280055
 0.125306
 -0.700031
 0.580888
 -0.789528
 0.453953
 0.0963607
 0.305994
 1.26605
 -0.0240609
 0.180682
 -0.406121
 -0.687462
 -0.602882
 -0.524547
 0.412775
 0.44648
 0.623181
 0.511999
 1.90278
 1.12486
 -0.0845436
 0.253092
 0.979979
 0.16072
 0.23481
 -1.24571
 -1.53887
 -0.455167
 0.49442
 0.725602
 0.553946
 0.365731
 0.269815
 -0.596229
 -0.670458
 0.00387068
 -1.6317
 -1.80228
 -0.336305
 -0.771576
 -0.637293
 0.00324468
 1.1305
 0.688942
 -0.516516
 -0.325053
 0.408458
 1.28431
 0.651114
 0.399944
 0.370321
 0.263315
 0.587031
 0.408056
 0.421927
 1.88391
 -0.166369
 0.00668953
 0.0964463
 0.491127
 -0.421684
 0.46875
 -0.310979
 -0.34543
 0.71241
 0.141574
 -0.772317
 0.381265
 -0.902985
 0.106762
 -0.637898
 -0.635815
 1.10853
 1.65589
 0.0122889
 0.960335
 -0.59158
 -1.09682
 -0.612881
 -0.491433
 -0.601436
 0.767505
 -1.01308
 -0.563735
 -0.295477
 0.314352
 0.0617011
 0.127681
 -0.487636
 -0.95573
 0.31328
 -0.42891
 -0.591571
 -0.645967
 -1.34946
 -0.408511
 0.279722
 0.0242368
 0.315493
 -0.652558
 -1.54137
 -0.257887
 -1.07838
 -0.721947
 -0.916048
 -0.434166
 -1.97727
 -0.278328
 -1.48291
 0.0342192
 -0.71456
 -1.68775
 -0.706509
 -1.82065
 -0.285148
 0.062644
 1.46605
 0.682256
 1.17182
 0.42433
 0.0401182
 0.452152
 0.66574
 1.09282
 -0.201631
 -1.40771
 -0.622614
 -0.0109137
 0.490258
 -0.775551
 0.396043
 -0.201446
 1.48618
 0.816585
 1.04445
 -0.702299
 0.0775016
 0.377602
 0.00803439
 1.09582
 0.793419
 0.204417
 0.395768
 0.821723
 0.853937
 0.160723
 1.42445
 0.104258
 0.752893
 -0.557722
 0.723354
 0.141181
 0.340103
 0.423746
 0.630228
 0.134247
 -0.239068
 -0.750229
 0.00251003
 -0.61021
 0.286188
 -0.574517
 -0.122793
 -0.433292
 0.106064
 0.217414
 -0.346916
 0.345405
 -1.65668
 -0.310881
 0.203243
 -0.662678
 0.0975739
 -1.44781
 0.791381
 -0.172693
 -0.259307
 -0.669267
 0.118651
 -0.841844
 0.774429
 0.134665
 0.173272
 -1.52113
 -0.191279
 -0.596113
 -1.94935
 -0.0120654
 -1.19618
 -0.957148
 -0.250564
 -0.281799
 0.1316
 -0.287671
 -0.676156
 0.0957205
 0.233276
 -0.57672
 -0.630884
 -0.0863991
 0.844515
 0.572017
 0.323153
 1.20556
 0.742695
 1.85829
 0.838061
 0.851666
 -0.365755
 0.51141
 0.392877
 0.354266
 0.198153
 0.169588
 -0.117701
 -0.355918
 -0.624098
 -0.582375
 0.300172
 -1.53888
 -1.48482
 -0.515829
 -0.703161
 -0.220484
 -0.820943
 -0.727698
 -0.611458
 -0.0181625
 0.309679
 0.201622
 0.309123
 -0.636302
 -0.597463
 -0.613468
 0.0222392
 -0.0516356
 0.351562
 -0.672061
 0.292726
 -0.494731
 -1.17166
 -0.703577
 -0.504861
 -1.8546
 -1.4468
 -0.0833944
 -0.683173
 -1.40385
 1.22736
 0.126797
 1.03749
 -0.587021
 -0.143803
 -0.00615782
 -0.0441653
 -0.2426
 0.663332
 0.638833
 0.245592
 0.749498
 -0.795793
 -1.77934
 -0.160565
 -0.489562
 -1.04982
 -0.253692
 -1.63983
 0.310423
 -1.0414
 -0.333471
 0.141669
 -0.644219
 -0.0826797
 -0.0157106
 1.09454
 0.642905
 1.00981
 0.289845
 0.851149
 0.441469
 0.037623
 -0.603784
 -0.621387
 -0.820101
 0.293911
 0.671356
 1.99133
 -0.301913
 -0.247912
 0.218324
 -0.298029
 0.431616
 -0.412617
 -0.532134
 0.696134
 0.682471
 0.365522
 0.0110092
 -1.85281
 -0.32135
 -1.10546
 0.282879
 0.190662
 -0.800989
 -0.102663
 -1.5417
 0.268066
 0.264801
 -0.389523
 0.258936
 0.295092
 0.403399
 -0.331614
 0.398453
 0.30256
 -0.418555
 -0.496397
 0.016929
 0.182978
 0.544393
 -0.409019
 -0.243717
 1.1642
 0.286462
 0.922654
 0.10366
 -0.426818
 0.592149
 -0.260864
 0.41011
 0.271196
 0.576244
 -0.514459
 -0.031297
 0.349832
 -0.326154
 0.528286
 0.413174
 0.121614
 0.375471
 -0.459774
 -0.855083
 0.303995
 0.62544
 0.113629
 0.494549
 -1.14054
 0.405579
 0.278082
 -0.194937
 0.51079
 0.410784
 0.21254
 -0.563829
 -0.638043
 -0.355325
 -0.0175773
 0.331382
 -0.161881
 -0.0335252
 -0.333242
 -0.173431
 -0.431769
 -0.830435
 -0.367455
 -0.111467
 0.981007
 0.433905
 1.49744
 0.242028
 0.114235
 -0.190941
 0.853309
 -0.0683385
 -0.684693
 -0.923903
 -0.521223
 -0.148202
 0.900086
 -0.792127
 -0.305209
 0.550952
 0.46428
 -0.501341
 0.458571
 -0.612595
 -0.581918
 -0.801328
 0.0436613
 -0.854481
 -0.663994
 0.493686
 -0.445634
 0.306831
 0.636745
 1.72508
 0.302263
 0.923252
 0.428968
 0.917077
 0.388745
 0.513556
 -0.309538
 0.249188
 -0.720421
 -0.0148732
 0.435075
 -1.51552
 0.18808
 -0.766467
 -1.88503
 0.103081
 -0.423136
 -0.0978806
 -0.725594
 -0.261649
 -1.5488
 -0.67631
 0.532261
 1.55253
 0.474734
 0.541333
 0.682691
 -0.146802
 -1.03276
 -0.703207
 -0.911435
 0.0709641
 0.516409
 0.00269611
 -0.219378
 0.08596
 -0.809608
 0.293105
 0.187569
 1.73473
 0.0440843
 0.243173
 0.389066
 -1.02029
 -0.69432
 -0.687802
 0.0726472
 0.187915
 -0.750789
 -0.080233
 -0.749982
 -0.602633
 -0.0726215
 -0.720662
 -0.727656
 -1.63148
 -0.217223
 -1.25895
 -0.702088
 0.358845
 0.217572
 0.0924609
 0.699587
 0.307632
 -0.513996
 0.231394
 0.419078
 -0.12707
 -0.667083
 -0.603141
 0.502086
 0.296897
 1.41405
 -0.492285
 0.136605
 0.29475
 -0.673659
 -0.226593
 -0.665846
 -0.77725
 -1.13547
 0.325781
 -1.46623
 0.255144
 -0.323852
 0.683653
 -0.488169
 -0.637725
 -0.565298
 -1.98351
 -0.0325762
 -0.0410169
 -0.63381
 -0.795667
 -0.457448
 0.0941443
 -1.55266
 -0.077072
 0.15556
 -0.157983
 0.339704
 -0.740416
 -0.358519
 0.00175774
 -0.412468
 -0.803354
 -0.16491
 1.01263
 -0.750329
 -0.773515
 -0.372612
 0.291941
 0.157453
 0.331628
 1.12251
 0.0304415
 1.77989
 -0.417872
 0.051681
 0.483057
 0.673015
 0.230023
 -0.342883
 -0.197457
 0.863289
 0.0347579
 0.542706
 0.261143
 0.345457
 0.340276
 0.450405
 0.293952
 -0.000294971
 0.38589
 0.992816
 -1.08908
 -1.03593
 0.221948
 -0.402196
 -0.0543647
 0.507792
 0.534505
 0.700923
 0.0457916
 0.74602
 1.1358
 0.0630812
 0.305072
 0.373578
 0.0219754
 0.288357
 -0.491978
 -0.624682
 0.234848
 -0.353665
 -0.480961
 1.06242
 -0.450408
 0.414234
 0.603912
 -0.121363
 -0.108302
 0.289542
 0.45636
 -0.258405
 -0.32922
 0.0154329
 -1.7644
 0.247979
 0.371176
 1.14249
 0.119644
 -0.580698
 -1.65604
 0.137941
 -0.612095
 -0.171992
 -0.166485
 0.00214641
 -0.65418
 -0.672889
 -0.629002
 -1.79721
 1.12772
 1.95079
 0.189801
 0.424926
 -0.450329
 0.473654
 0.673815
 0.780189
 0.247864
 0.372501
 0.596154
 1.28359
 0.110726
 -0.504991
 0.0469759
 -0.924336
 -0.68092
 -0.432287
 0.799015
 1.84732
 0.936506
 0.454321
 -0.477891
 0.670307
 -0.741797
 0.290299
 0.641134
 -0.343287
 0.317072
 -0.826355
 -0.557119
 -0.839467
 0.0498672
 -0.636609
 -0.522442
 -0.215562
 0.331072
 -0.0143079
 -0.985385
 -0.677592
 -0.824665
 -1.39184
 -0.0447871
 0.45217
 -0.739916
 0.136162
 -1.17952
 -1.7097
 -0.198551
 -0.908535
 0.241
 0.591412
 -0.0457033
 -1.20293
 0.187183
 0.312664
 0.121458
 1.16038
 0.185598
 1.69213
 0.088354
 0.42807
 -0.796155
 -0.00860145
 -0.692359
 -1.98541
 -0.837293
 0.237352
 -0.470302
 -0.559766
 -0.433665
 -1.38841
 -0.258559
 0.0196304
 -0.801226
 0.586893
 0.26209
 -0.087317
 0.372508
 0.772248
 0.707543
 1.43953
 -0.130246
 0.38022
 0.432193
 0.384379
 0.26878
 0.573916
 0.246388
 -0.115317
 0.55302
 0.35003
 2.21735
 0.446435
 0.386009
 -0.287389
 0.358094
 0.460505
 -0.53782
 0.670856
 0.759589
 -1.51018
 -0.47576
 -0.51413
 0.366066
 -0.577184
 0.822543
 0.474209
 -0.863062
 0.820255
 1.56762
 0.567618
 -0.439823
 0.540547
 0.196242
 -0.466669
 0.444422
