 -1.1011
 -0.45526
 0.2196
 -0.778404
 -0.373585
 -0.285605
 -0.073751
 -1.01563
 0.432756
 -0.869278
 0.267315
 -0.325951
 0.498894
 -0.0601853
 0.469466
 -0.0699402
 0.645527
 -0.638968
 -1.5711
 -0.0766653
 -0.121545
 -0.223646
 0.00887728
 0.548411
 -1.03015
 -0.49476
 -0.303343
 0.356354
 0.0406433
 0.764126
 0.0651791
 0.354545
 -0.0740584
 0.024047
 -0.53186
 -0.453941
 -0.186604
 0.648289
 1.19811
 -0.0100698
 -0.149861
 0.0409096
 -0.494145
 -0.511976
 -0.356338
 -1.45514
 0.354689
 -0.741683
 -0.114956
 -0.578882
 -0.972374
 -0.678191
 -1.04368
 -0.852443
 -0.836694
 -0.102776
 -0.402394
 0.508531
 0.144277
 -0.12687
 -0.10698
 -0.131606
 0.654391
 -0.208043
 0.747771
 -0.0357951
 0.224425
 1.02937
 -0.284046
 -0.322861
 -0.103298
 -0.420479
 0.0510698
 -0.615121
 -0.826875
 -0.418983
 -0.659418
 -0.270508
 -0.0787553
 -1.42316
 0.136554
 -0.408317
 -1.0526
 -0.24563
 -2.3689
 -0.669706
 -0.708118
 -0.376454
 -0.124519
 -0.444289
 0.350671
 -0.0149099
 0.603611
 0.00404333
 0.242992
 1.16866
 0.968097
 0.585073
 0.384816
 1.32425
 0.630662
 -0.237058
 0.595795
 0.65463
 0.549841
 -0.736062
 0.656322
 0.0223764
 0.446479
 0.09089
 -0.902194
 -0.39068
 0.0255281
 -0.320109
 -0.638181
 1.30883
 0.957345
 0.150482
 0.0760882
 1.15949
 -0.230758
 -0.718142
 -0.387969
 -0.470632
 0.58018
 -0.443039
 -0.353727
 -0.289041
 0.121449
 0.475463
 -0.862856
 0.14108
 0.883224
 1.46274
 1.04701
 0.77541
 0.703726
 1.88896
 1.38335
 1.26722
 0.925019
 -0.00911425
 0.102901
 -0.0415554
 0.0998393
 0.12577
 0.727172
 1.45186
 1.71968
 0.069128
 1.18009
 0.645411
 0.596482
 2.0013
 0.0434714
 0.300382
 0.0785214
 0.607587
 0.637033
 1.18735
 -0.130315
 -0.489003
 0.0850786
 0.275608
 -1.01072
 -0.877884
 -0.262157
 -0.679377
 -0.204496
 -0.299013
 0.312719
 0.00506478
 0.684388
 -0.217568
 1.27779
 -0.297658
 -0.463692
 0.0666499
 -0.0317741
 -0.610017
 -0.67693
 0.562905
 -0.512943
 -0.982489
 0.0587678
 -0.449025
 -0.951984
 -0.340219
 -1.47467
 0.565573
 0.772447
 0.637861
 0.681406
 0.317486
 -0.153399
 1.00776
 -0.756981
 0.673069
 0.0728708
 0.713855
 1.46949
 1.36023
 1.70948
 -0.210114
 -0.973436
 0.47008
 -0.17171
 -1.36818
 -0.945484
 -0.644416
 -0.811437
 -0.464029
 0.777213
 0.106773
 -0.398423
 -0.276401
 -0.0106314
 0.633667
 0.366992
 1.04346
 -0.238874
 -0.207479
 -0.223395
 -0.02867
 -0.0502085
 0.102477
 -0.0453741
 -0.697096
 -0.385693
 -0.371249
 0.183273
 0.67873
 0.421254
 0.340986
 0.957963
 1.21804
 1.41221
 0.656557
 0.523636
 -0.226593
 0.332246
 -0.549367
 -0.193654
 -0.243276
 0.6683
 0.382042
 -0.242204
 -0.955099
 0.0456597
 0.499361
 0.293999
 0.385373
 0.184412
 -0.293441
 -0.444228
 1.00617
 0.0529317
 0.455991
 0.0898618
 -0.13595
 -0.342745
 0.0452031
 0.791428
 -0.348535
 0.167283
 0.00696169
 -0.146106
 -1.10088
 0.984893
 0.260052
 -0.076261
 -0.531114
 -0.181283
 1.15697
 0.0820606
 0.173539
 0.0729805
 -0.680253
 -0.25531
 -1.43106
 -1.16411
 -1.35492
 -0.31859
 0.198019
 -0.282518
 -0.319136
 0.47375
 -0.0401571
 1.01295
 0.369494
 -0.675012
 -0.659377
 -0.804839
 -0.431438
 0.387255
 -0.170761
 0.180526
 0.664629
 -0.42183
 0.820656
 0.069521
 -0.375892
 0.280015
 0.0823997
 0.301204
 0.101746
 -0.599072
 0.511047
 -0.769405
 0.420004
 0.100592
 0.272749
 1.15704
 0.2048
 0.0960656
 -0.252557
 -0.784609
 -0.644816
 -0.496741
 0.273507
 0.525863
 0.649336
 0.656498
 1.58778
 1.27654
 0.0994789
 0.194587
 0.995961
 0.17253
 0.260809
 -1.06813
 -1.53262
 -0.743076
 0.481978
 0.823224
 0.651825
 0.408593
 0.327367
 -0.502709
 -0.726102
 -0.131672
 -1.38653
 -1.79398
 -0.674296
 -0.831022
 -0.656949
 -0.120372
 1.16594
 0.806253
 -0.34291
 -0.460114
 0.427562
 1.19241
 0.847129
 0.442362
 0.382939
 0.290467
 0.632546
 0.476631
 0.521891
 1.656
 0.139861
 -0.0266514
 0.0602899
 0.568155
 -0.215108
 0.465759
 -0.295539
 -0.308596
 0.721606
 0.155596
 -0.765479
 0.305534
 -0.824789
 -0.081896
 -0.555649
 -0.748949
 0.959644
 1.52539
 0.273423
 0.902785
 -0.288058
 -1.12934
 -0.656579
 -0.509591
 -0.654823
 0.653611
 -0.876617
 -0.530088
 -0.465041
 0.295475
 0.132964
 0.0169464
 -0.401003
 -1.01442
 0.196842
 -0.299032
 -0.659497
 -0.685296
 -1.259
 -0.562569
 0.216304
 0.0322755
 0.316432
 -0.558248
 -1.38
 -0.484731
 -1.16961
 -0.847441
 -1.03348
 -0.472403
 -2.07885
 -0.442469
 -1.33524
 -0.334079
 -0.690387
 -1.43743
 -1.12279
 -1.5786
 -0.641341
 0.000912998
 1.33329
 0.926731
 1.18683
 0.544151
 0.0610199
 0.473179
 0.773255
 1.01656
 0.00290686
 -1.21686
 -0.827482
 -0.235008
 0.553421
 -0.709514
 0.341808
 -0.122792
 1.17367
 1.02708
 1.10496
 -0.460552
 -0.10366
 0.387829
 0.0459263
 1.05368
 0.917089
 0.28689
 0.390846
 0.819388
 0.957931
 0.229717
 1.20771
 0.37151
 0.75032
 -0.45961
 0.691697
 0.1517
 0.339583
 0.453968
 0.712812
 0.153902
 -0.137383
 -0.881999
 -0.0954448
 -0.556212
 0.200977
 -0.435733
 -0.267441
 -0.311011
 -0.0128471
 0.191036
 -0.231517
 0.32651
 -1.29545
 -0.638849
 0.117551
 -0.606926
 -0.00585612
 -1.23357
 0.589626
 -0.0511008
 -0.272101
 -0.63382
 -0.0353936
 -0.88926
 0.774151
 0.0764831
 0.183068
 -1.23135
 -0.482401
 -0.559408
 -1.83205
 -0.388312
 -1.08062
 -1.12721
 -0.387616
 -0.257236
 0.0335704
 -0.219163
 -0.694725
 -0.0634973
 0.299532
 -0.531243
 -0.657169
 -0.194468
 0.888707
 0.724986
 0.286161
 1.0747
 1.04941
 1.5543
 1.12798
 0.921855
 -0.118744
 0.460612
 0.441443
 0.319628
 0.203207
 0.10386
 -0.0593633
 -0.323857
 -0.663107
 -0.558994
 0.104399
 -1.17796
 -1.56838
 -0.843403
 -0.760186
 -0.205474
 -0.942484
 -0.833149
 -0.674639
 -0.110622
 0.299921
 0.216604
 0.368711
 -0.56305
 -0.626015
 -0.559444
 -0.122782
 -0.0501979
 0.378544
 -0.715205
 0.260631
 -0.458159
 -1.12746
 -0.899556
 -0.521595
 -1.61939
 -1.61769
 -0.404494
 -0.619251
 -1.29126
 0.974576
 0.24031
 1.13208
 -0.431387
 -0.176142
 -0.0561791
 0.000895735
 -0.264453
 0.666196
 0.713187
 0.307196
 0.748044
 -0.706776
 -1.54152
 -0.547916
 -0.429418
 -1.12965
 -0.366396
 -1.36835
 -0.0182336
 -1.01866
 -0.446783
 0.0901944
 -0.562057
 -0.232697
 0.00807565
 1.0097
 0.769776
 0.999153
 0.3388
 0.927722
 0.56276
 -0.0666107
 -0.470537
 -0.721623
 -0.866206
 0.292019
 0.685347
 1.66002
 0.127867
 -0.321508
 0.123656
 -0.231831
 0.440804
 -0.303303
 -0.572817
 0.711786
 0.765994
 0.442905
 -0.0257892
 -1.52762
 -0.689212
 -1.10242
 0.152789
 0.202577
 -0.746155
 -0.238468
 -1.30004
 0.0231031
 0.298297
 -0.391635
 0.227643
 0.255938
 0.565956
 -0.319562
 0.388051
 0.318874
 -0.235882
 -0.524533
 -0.105889
 0.11791
 0.633238
 -0.214086
 -0.317839
 1.02914
 0.398154
 0.897607
 0.156366
 -0.305218
 0.478218
 -0.123215
 0.367589
 0.226704
 0.663025
 -0.390874
 -0.153115
 0.394164
 -0.271157
 0.522678
 0.546806
 0.0578822
 0.383705
 -0.292559
 -1.0203
 0.23772
 0.687039
 0.073709
 0.586918
 -1.00345
 0.2235
 0.312727
 -0.0760599
 0.443532
 0.480854
 0.290783
 -0.456426
 -0.664613
 -0.419605
 -0.0800355
 0.315403
 -0.070916
 -0.134236
 -0.290918
 -0.165757
 -0.398317
 -0.893203
 -0.389733
 -0.27855
 1.07697
 0.576679
 1.32715
 0.416504
 0.0872988
 -0.0857786
 0.89923
 -0.0100625
 -0.698208
 -0.984268
 -0.594105
 -0.256769
 0.910633
 -0.744478
 -0.320534
 0.630152
 0.499466
 -0.404182
 0.474645
 -0.516984
 -0.596897
 -0.943706
 -0.0763719
 -0.836996
 -0.754954
 0.452931
 -0.329649
 0.174848
 0.774223
 1.41872
 0.629889
 0.906763
 0.563538
 0.973949
 0.532406
 0.573398
 -0.20987
 0.127951
 -0.654792
 -0.106295
 0.478296
 -1.22687
 -0.0752752
 -0.689139
 -1.65045
 -0.334175
 -0.236001
 -0.215439
 -0.850129
 -0.229418
 -1.3316
 -0.925494
 0.455236
 1.48446
 0.727751
 0.568419
 0.769408
 -0.136152
 -0.933643
 -0.870071
 -0.904292
 -0.0803257
 0.592901
 0.0253787
 -0.19182
 -0.0718341
 -0.794276
 0.276395
 0.205526
 1.46156
 0.348758
 0.229885
 0.532311
 -0.948732
 -0.824169
 -0.76522
 -0.0947252
 0.169173
 -0.693885
 -0.210046
 -0.744519
 -0.642129
 -0.185244
 -0.698217
 -0.779807
 -1.42379
 -0.492597
 -1.18873
 -0.929943
 0.384698
 0.217624
 0.0320978
 0.80524
 0.336382
 -0.362623
 0.10612
 0.456765
 -0.0809982
 -0.718947
 -0.558113
 0.409344
 0.256097
 1.31389
 -0.154328
 0.00802129
 0.264012
 -0.489303
 -0.308588
 -0.690223
 -0.904119
 -1.17677
 0.246932
 -1.21457
 0.029098
 -0.334801
 0.746724
 -0.407163
 -0.625926
 -0.564481
 -2.38256
 -0.160495
 -0.127895
 -0.495699
 -0.908958
 -0.48899
 -0.0180096
 -1.23107
 -0.460272
 0.210753
 -0.13713
 0.348267
 -0.774499
 -0.330368
 -0.116183
 -0.354469
 -0.820785
 -0.199579
 0.948816
 -0.622538
 -0.817517
 -0.402141
 0.194115
 0.129252
 0.344361
 1.06501
 0.138069
 1.52306
 -0.073784
 0.0321848
 0.453899
 0.802156
 0.243238
 -0.316385
 -0.176925
 0.804304
 0.0820514
 0.63484
 0.286966
 0.313001
 0.318317
 0.585004
 0.231072
 0.0305259
 0.364424
 1.03055
 -0.869773
 -1.12782
 0.116697
 -0.31597
 -0.189914
 0.548028
 0.599502
 0.773856
 0.128721
 0.805146
 1.11148
 0.151842
 0.265292
 0.463423
 0.0452761
 0.246338
 -0.350217
 -0.66227
 0.120625
 -0.321512
 -0.477943
 0.984645
 -0.319026
 0.48198
 0.595145
 -0.0547668
 -0.0765133
 0.290857
 0.500824
 -0.191875
 -0.274548
 -0.0190266
 -1.46929
 -0.12175
 0.396135
 1.08259
 0.212976
 -0.370537
 -1.50281
 -0.277459
 -0.448363
 -0.287426
 -0.240303
 -0.00922722
 -0.60032
 -0.769618
 -0.639278
 -1.57958
 0.774942
 1.82342
 0.462322
 0.466828
 -0.315921
 0.425161
 0.752685
 0.768585
 0.283618
 0.42702
 0.651357
 1.20651
 0.259923
 -0.410472
 -0.0288055
 -0.913931
 -0.776583
 -0.54626
 0.805514
 1.58026
 1.20493
 0.600676
 -0.317133
 0.561791
 -0.700573
 0.246573
 0.780275
 -0.310441
 0.278308
 -0.839504
 -0.483063
 -1.00293
 -0.0706421
 -0.616932
 -0.5513
 -0.294459
 0.359079
 -0.0472343
 -0.925327
 -0.795496
 -0.994193
 -1.28736
 -0.281914
 0.492063
 -0.684272
 -0.0125394
 -1.0135
 -1.60392
 -0.578134
 -0.925581
 0.201036
 0.634008
 -0.034246
 -1.16399
 0.0835207
 0.278145
 0.157428
 1.09324
 0.268822
 1.54038
 0.298306
 0.50531
 -0.757133
 -0.102334
 -0.748356
 -2.88538
 -0.721345
 0.181198
 -0.400413
 -0.509933
 -0.409143
 -1.35216
 -0.475132
 -0.0860666
 -0.776645
 0.589706
 0.209992
 0.00501919
 0.330365
 0.829657
 0.726945
 1.34413
 0.162389
 0.366577
 0.47656
 0.406011
 0.269014
 0.602259
 0.272487
 -0.0655694
 0.632166
 0.361543
 2.08975
 0.756831
 0.472708
 -0.227683
 0.244117
 0.551479
 -0.357101
 0.577915
 0.859529
 -1.24952
 -0.664461
 -0.528484
 0.347339
 -0.495136
 0.789915
 0.537218
 -0.836146
 0.748017
 1.41125
 0.929261
 -0.338733
 0.513927
 0.267304
 -0.372018
 0.396415
