 -1.1514
 -0.872653
 -0.206099
 -0.858864
 -0.71982
 -0.647584
 -0.257668
 -1.17153
 -0.0913913
 -0.973475
 -0.196678
 -0.424125
 0.257185
 0.084193
 0.455565
 0.198008
 0.702008
 -0.376166
 -1.99789
 -0.693306
 -0.554018
 -0.431483
 -0.194928
 0.403587
 -0.873714
 -0.867223
 -0.658801
 0.0288599
 0.095466
 0.647732
 0.43387
 0.565669
 0.164394
 0.100958
 -0.465216
 -0.617057
 -0.420284
 0.380191
 1.43824
 0.584559
 0.119633
 0.180643
 -0.532051
 -0.786994
 -0.660044
 -2.08119
 -0.350234
 -0.959979
 -0.551271
 -0.924701
 -1.28435
 -1.31432
 -1.51854
 -1.59647
 -1.51674
 -0.727368
 -0.805109
 0.165363
 0.238603
 -0.0772802
 -0.097002
 -0.155398
 0.492205
 0.0237487
 0.74746
 0.310494
 0.409531
 1.1947
 0.0909326
 -0.214727
 -0.178657
 -0.56149
 -0.108437
 -0.723931
 -1.07307
 -0.912682
 -1.07596
 -0.786117
 -0.367166
 -1.96647
 -0.528804
 -0.754475
 -1.31117
 -0.811907
 -2.39028
 -1.82796
 -1.55168
 -1.12094
 -0.595756
 -0.832961
 -0.00454256
 -0.0625693
 0.504153
 0.343999
 0.396177
 1.482
 1.52744
 1.24209
 1.01145
 1.9213
 1.35302
 0.442686
 0.720056
 1.01678
 0.962647
 -0.311515
 0.5345
 0.276162
 0.537331
 0.384066
 -0.80106
 -0.721027
 -0.243486
 -0.593986
 -0.863295
 1.14334
 1.24263
 0.784045
 0.435928
 1.51133
 0.168567
 -0.565735
 -0.585335
 -0.78311
 0.158288
 -0.420078
 -0.596402
 -0.535011
 -0.0824236
 0.36017
 -0.729455
 -0.162859
 0.77408
 2.01669
 1.72463
 1.60529
 1.50349
 2.79136
 2.54492
 2.63774
 1.97595
 0.847911
 0.661455
 0.219728
 0.285655
 0.320506
 0.831188
 2.07212
 2.65797
 1.09299
 1.97931
 1.4081
 1.26567
 2.79271
 1.00279
 0.876646
 0.613199
 0.843692
 1.0423
 1.65613
 0.442169
 -0.234161
 0.0716258
 0.292861
 -0.898331
 -1.20435
 -0.812078
 -1.0257
 -0.673978
 -0.563011
 0.0440391
 -0.00911209
 0.601693
 0.0487864
 1.47741
 0.165107
 -0.362831
 -0.0332796
 -0.0817029
 -0.708155
 -0.937085
 0.162696
 -0.548609
 -1.12171
 -0.435331
 -0.730097
 -1.20084
 -0.911303
 -2.1497
 -0.279253
 0.473148
 0.843196
 0.994646
 0.817239
 0.294919
 1.0927
 -0.326349
 0.595528
 0.347237
 0.842546
 2.11062
 2.27451
 2.98738
 0.861129
 -0.46422
 0.323148
 -0.0151854
 -1.6741
 -1.4751
 -1.3359
 -1.36632
 -1.07781
 0.340141
 0.224161
 -0.417438
 -0.465802
 -0.129939
 0.524097
 0.596288
 1.2572
 0.155224
 0.0420925
 -0.260914
 -0.0888047
 -0.0068022
 0.0560983
 0.00356588
 -0.729442
 -0.674906
 -0.7262
 -0.130638
 0.575951
 0.657584
 0.65206
 1.19109
 2.00117
 2.341
 1.59292
 1.20498
 0.257001
 0.557565
 -0.377595
 -0.276384
 -0.302927
 0.495067
 0.574033
 -0.0699706
 -0.943964
 -0.309462
 0.345958
 0.382391
 0.582426
 0.506738
 -0.130411
 -0.504189
 0.867919
 0.304917
 0.652479
 0.490012
 -0.0702541
 -0.39216
 -0.0725093
 0.624083
 -0.0879449
 0.207884
 0.0876769
 -0.0403431
 -1.21676
 0.545737
 0.487496
 0.00991472
 -0.528248
 -0.296724
 1.08383
 0.382409
 0.484677
 0.24124
 -0.624247
 -0.533909
 -1.97284
 -1.76165
 -2.43648
 -1.13884
 -0.459942
 -0.526073
 -0.556971
 0.23195
 0.030866
 0.982317
 0.838484
 -0.29688
 -0.815661
 -1.12284
 -0.943133
 -0.0620593
 -0.30307
 0.142319
 0.599936
 -0.190824
 0.790648
 0.438296
 -0.221545
 0.261591
 0.251691
 0.4059
 0.328256
 -0.535903
 0.312936
 -0.63306
 0.137423
 0.165072
 0.38853
 1.46031
 0.706094
 0.53373
 -0.139256
 -0.75709
 -0.981428
 -1.01526
 -0.0948551
 0.399052
 0.822707
 0.923353
 2.36445
 2.30709
 1.069
 0.787594
 1.37378
 0.847608
 0.658614
 -0.916406
 -1.99707
 -1.4537
 -0.232432
 0.609386
 0.858639
 0.79505
 0.66734
 -0.262559
 -0.801738
 -0.396998
 -1.8302
 -2.71738
 -1.695
 -1.61907
 -1.44683
 -0.72017
 0.77042
 1.07415
 0.0205594
 -0.314773
 0.251071
 1.40985
 1.35604
 1.07796
 0.909302
 0.717966
 0.946014
 0.881063
 0.862459
 2.31513
 0.991198
 0.502289
 0.347591
 0.664922
 -0.0892226
 0.424139
 -0.0989097
 -0.394885
 0.514968
 0.399057
 -0.572788
 0.0948707
 -0.85555
 -0.321013
 -0.798404
 -1.03502
 0.591021
 1.9514
 0.987991
 1.45433
 0.135585
 -1.02903
 -1.12739
 -1.05513
 -1.129
 0.203004
 -0.911579
 -1.01952
 -0.805239
 -0.0882672
 0.0175675
 0.136465
 -0.419403
 -1.16543
 -0.269436
 -0.563628
 -0.873384
 -1.08266
 -1.89079
 -1.35391
 -0.397232
 -0.174379
 0.228303
 -0.538406
 -1.81057
 -1.16317
 -1.65997
 -1.55193
 -1.69201
 -1.28017
 -2.61735
 -1.58701
 -2.27641
 -1.10398
 -1.26655
 -2.32103
 -1.86702
 -2.75416
 -1.66223
 -0.76847
 1.08182
 1.22316
 1.7834
 1.31603
 0.698134
 0.801219
 1.06635
 1.626
 0.611367
 -1.10202
 -1.17363
 -0.597726
 0.191394
 -0.679854
 0.0561155
 -0.173388
 1.39949
 1.51633
 1.80262
 0.199008
 0.177006
 0.466105
 0.241087
 1.21636
 1.4016
 0.905216
 0.848376
 1.24591
 1.47689
 0.899169
 1.87403
 1.04128
 1.27353
 0.0790437
 0.762876
 0.52262
 0.601413
 0.724452
 0.992454
 0.630474
 0.0761688
 -0.712145
 -0.353562
 -0.786991
 -0.107307
 -0.62817
 -0.436878
 -0.651731
 -0.219802
 0.107513
 -0.29316
 0.198825
 -1.55726
 -1.08951
 -0.341513
 -0.833435
 -0.319144
 -1.60738
 -0.0123091
 -0.178848
 -0.34873
 -0.843632
 -0.303165
 -0.993426
 0.277716
 0.273522
 0.310033
 -1.36611
 -0.874334
 -1.03328
 -2.46599
 -1.24506
 -1.81871
 -1.8665
 -1.18382
 -0.873707
 -0.305253
 -0.440297
 -0.896305
 -0.352432
 0.0570604
 -0.54819
 -0.904979
 -0.538888
 0.575071
 0.859552
 0.752929
 1.58202
 1.53371
 2.62514
 2.15063
 1.92698
 0.597736
 0.810277
 0.798016
 0.753274
 0.57479
 0.456983
 0.11079
 -0.300523
 -0.77436
 -0.969554
 -0.184605
 -1.63118
 -2.30041
 -1.66604
 -1.53618
 -0.988573
 -1.31523
 -1.38531
 -1.30411
 -0.67022
 -0.0254311
 0.188907
 0.403577
 -0.434514
 -0.81472
 -1.02083
 -0.488175
 -0.295723
 0.203701
 -0.57021
 0.00762107
 -0.490921
 -1.41713
 -1.41214
 -1.21093
 -2.46007
 -2.67683
 -1.42181
 -1.39408
 -2.10088
 0.176916
 0.215255
 1.14511
 -0.0144637
 -0.151035
 -0.0816752
 -0.0850029
 -0.285102
 0.520781
 0.899223
 0.695204
 1.0971
 -0.247243
 -1.90296
 -1.11205
 -1.04558
 -1.57261
 -1.04
 -2.15983
 -0.769493
 -1.42615
 -1.04655
 -0.381604
 -0.835021
 -0.50019
 -0.265806
 0.961632
 1.12372
 1.57167
 1.07568
 1.38899
 1.13596
 0.605605
 -0.300982
 -0.771878
 -1.20604
 -0.309109
 0.516801
 2.24973
 0.822951
 0.163563
 0.300106
 -0.147976
 0.357629
 -0.233802
 -0.649035
 0.371616
 0.868279
 0.799662
 0.41084
 -1.64739
 -1.14505
 -1.67799
 -0.556115
 -0.0873956
 -0.844687
 -0.525006
 -1.8042
 -0.634034
 -0.0522155
 -0.415631
 0.0511207
 0.320653
 0.563726
 -0.0497517
 0.373577
 0.489348
 -0.173881
 -0.583338
 -0.27474
 0.0456082
 0.567197
 -0.125421
 -0.306427
 1.01099
 0.791957
 1.31863
 0.762977
 -0.04533
 0.569484
 0.0238776
 0.422048
 0.48222
 0.817354
 -0.105781
 -0.0841877
 0.307738
 -0.172285
 0.442143
 0.634246
 0.438737
 0.594839
 -0.162355
 -0.93626
 -0.164135
 0.543372
 0.385315
 0.687207
 -0.796938
 0.00711001
 0.281637
 -0.0541181
 0.483731
 0.65265
 0.538865
 -0.294397
 -0.785242
 -0.747946
 -0.39155
 0.135606
 -0.0940776
 -0.080564
 -0.373524
 -0.360193
 -0.611866
 -1.13637
 -0.935639
 -0.579287
 0.691364
 0.779587
 1.88723
 1.18564
 0.707057
 0.162587
 0.934602
 0.398963
 -0.485212
 -1.16651
 -1.10448
 -0.70044
 0.549866
 -0.517194
 -0.563806
 0.269049
 0.598804
 -0.201939
 0.357602
 -0.433794
 -0.798815
 -1.20074
 -0.556706
 -1.13283
 -1.23041
 -0.12152
 -0.506394
 0.0536343
 0.663562
 2.05686
 1.3307
 1.5886
 1.22327
 1.52871
 1.1531
 1.09011
 0.235515
 0.366946
 -0.536948
 -0.283347
 0.293401
 -1.36882
 -0.496328
 -1.01463
 -2.39235
 -1.09309
 -0.969682
 -0.582721
 -1.01696
 -0.770126
 -1.93386
 -1.64324
 -0.28936
 1.40785
 1.17866
 1.13066
 1.24802
 0.477209
 -0.794159
 -1.10029
 -1.46158
 -0.659825
 0.186496
 0.0959441
 -0.171406
 0.000257059
 -0.80948
 -0.111635
 0.131752
 1.8006
 0.944385
 0.715366
 0.746749
 -0.64692
 -1.01778
 -1.19669
 -0.525699
 -0.0749345
 -0.788257
 -0.474361
 -0.987163
 -1.09621
 -0.620729
 -1.03103
 -1.24317
 -2.25307
 -1.34376
 -1.93082
 -1.6675
 -0.474905
 -0.0198811
 0.0825203
 0.740847
 0.678056
 -0.174968
 0.14391
 0.491033
 0.118447
 -0.607859
 -0.90707
 0.0485511
 0.321172
 1.57464
 0.295035
 0.284122
 0.436811
 -0.455253
 -0.454219
 -0.892955
 -1.22373
 -1.74734
 -0.547887
 -1.74018
 -0.614943
 -0.631323
 0.367991
 -0.304174
 -0.789812
 -0.960204
 -2.46361
 -1.26438
 -0.673207
 -0.970413
 -1.28087
 -1.09788
 -0.454798
 -1.78006
 -0.967102
 -0.327992
 -0.321979
 0.178714
 -0.651059
 -0.684049
 -0.340267
 -0.582601
 -1.09465
 -0.712237
 0.656511
 -0.422074
 -0.984552
 -0.864888
 -0.140503
 0.0872016
 0.375229
 1.31013
 0.685506
 2.12264
 0.643447
 0.373404
 0.66976
 1.00789
 0.73397
 0.0241022
 -0.185406
 0.770586
 0.420051
 0.752732
 0.637508
 0.664211
 0.672381
 0.786596
 0.68725
 0.34333
 0.557556
 1.27159
 -0.453283
 -1.26257
 -0.409337
 -0.606864
 -0.357797
 0.328894
 0.698952
 1.0504
 0.570991
 1.03152
 1.65156
 0.888862
 0.749503
 0.74833
 0.39614
 0.486427
 -0.248764
 -0.749064
 -0.139684
 -0.423507
 -0.692714
 0.716064
 -0.0923764
 0.368046
 0.787935
 0.272604
 0.028
 0.303542
 0.608132
 0.0456612
 -0.306389
 -0.137762
 -1.83329
 -0.668664
 0.0368445
 1.16091
 0.7001
 -0.230648
 -1.77137
 -0.747743
 -0.985966
 -0.664975
 -0.498972
 -0.24734
 -0.77785
 -1.06181
 -1.15991
 -2.37717
 -0.0608617
 1.92036
 1.14998
 0.999915
 0.0496288
 0.498468
 0.923049
 1.24171
 0.86872
 0.806861
 0.999584
 1.78338
 1.00242
 -0.00378262
 0.0450846
 -0.901794
 -1.13182
 -0.998195
 0.299918
 1.99728
 1.93515
 1.42189
 0.233056
 0.786835
 -0.348379
 0.116109
 0.699189
 0.00630761
 0.320225
 -0.666243
 -0.890241
 -1.28459
 -0.592426
 -0.932822
 -0.988853
 -0.709989
 -0.0239222
 -0.026269
 -0.99852
 -1.17685
 -1.41309
 -2.09839
 -1.09398
 -0.0948211
 -0.787326
 -0.257501
 -1.30827
 -2.36383
 -1.38047
 -1.59877
 -0.558385
 0.31222
 0.110407
 -1.14773
 -0.38668
 0.119324
 0.181119
 1.25094
 0.81107
 2.09766
 1.13719
 0.996663
 -0.297823
 -0.157513
 -0.771115
 -2.37096
 -2.02277
 -0.774035
 -0.85732
 -0.988426
 -0.927878
 -1.85235
 -1.18473
 -0.572736
 -1.08759
 0.0430958
 0.283638
 0.0545021
 0.399759
 0.972127
 1.19361
 2.03633
 0.88792
 0.82418
 0.844283
 0.806521
 0.672041
 0.909936
 0.701356
 0.235361
 0.670701
 0.685381
 2.56004
 1.72645
 1.24924
 0.337229
 0.526709
 0.72386
 -0.17589
 0.582911
 1.05104
 -0.98466
 -0.96809
 -0.998175
 -0.133022
 -0.643695
 0.500695
 0.724557
 -0.500783
 0.569864
 1.85255
 1.49389
 0.307124
 0.69411
 0.543297
 -0.195021
 0.346912
