 -1.1011
 -1.00581
 -0.283306
 -0.920057
 -0.833613
 -0.702412
 -0.424957
 -1.22811
 -0.181299
 -0.959927
 -0.212649
 -0.432276
 0.282756
 0.0811929
 0.510062
 0.185091
 0.738072
 -0.269932
 -1.70607
 -0.929699
 -0.586394
 -0.516843
 -0.249544
 0.423639
 -0.818331
 -0.903926
 -0.755306
 -0.021299
 0.0299938
 0.779123
 0.454741
 0.581916
 0.216899
 0.132497
 -0.465612
 -0.686747
 -0.529977
 0.383301
 1.38976
 0.684809
 0.192544
 0.137181
 -0.425554
 -0.724753
 -0.718714
 -1.8145
 -0.55256
 -1.01796
 -0.623938
 -0.89085
 -1.4178
 -1.38709
 -1.73723
 -1.72106
 -1.69722
 -0.951388
 -0.878088
 0.0694867
 0.17902
 -0.0373593
 -0.12566
 -0.194436
 0.557173
 0.0705432
 0.783043
 0.355726
 0.402288
 1.23052
 0.331213
 -0.157255
 -0.181925
 -0.511442
 -0.204651
 -0.717447
 -1.1856
 -1.01178
 -1.16531
 -0.853163
 -0.505337
 -1.67582
 -0.701358
 -0.758996
 -1.4321
 -0.961678
 -2.84973
 -2.09457
 -1.7554
 -1.25416
 -0.751597
 -0.820087
 -0.0593725
 -0.0445962
 0.581313
 0.2947
 0.390342
 1.36383
 1.65001
 1.41008
 1.08985
 1.86918
 1.56525
 0.545569
 0.868579
 1.08892
 1.0943
 -0.188911
 0.561867
 0.30331
 0.598134
 0.389957
 -0.707216
 -0.744288
 -0.346616
 -0.493417
 -0.88489
 0.866385
 1.39054
 0.845751
 0.498964
 1.40898
 0.47373
 -0.481277
 -0.628607
 -0.784936
 0.187712
 -0.349183
 -0.528319
 -0.5532
 -0.155152
 0.397887
 -0.663913
 -0.190877
 0.787785
 1.85663
 1.97532
 1.76307
 1.58526
 2.68159
 2.72414
 2.6293
 2.23967
 1.11072
 0.65826
 0.287575
 0.243627
 0.247583
 0.850964
 1.87734
 2.65835
 1.3983
 1.87924
 1.58503
 1.389
 2.6958
 1.39137
 0.996068
 0.576555
 0.895865
 1.08497
 1.72983
 0.734601
 -0.121702
 0.0242275
 0.287721
 -0.866857
 -1.31131
 -0.917813
 -1.13828
 -0.773638
 -0.685832
 -0.0301975
 -0.010034
 0.679371
 0.122117
 1.33885
 0.371765
 -0.27781
 -0.0722551
 -0.0679017
 -0.643968
 -0.998914
 0.0634482
 -0.481219
 -1.2231
 -0.552782
 -0.725416
 -1.31469
 -0.997565
 -1.97345
 -0.421153
 0.561871
 0.918796
 1.1408
 0.887889
 0.290546
 1.15303
 -0.180466
 0.582836
 0.364289
 0.895999
 1.91749
 2.31898
 2.86896
 1.22437
 -0.361252
 0.289454
 -0.0269831
 -1.38167
 -1.63632
 -1.46258
 -1.54272
 -1.23539
 0.159517
 0.186532
 -0.305157
 -0.42898
 -0.225121
 0.521106
 0.627545
 1.35723
 0.439742
 0.0123914
 -0.2172
 -0.13727
 -0.118843
 0.0430548
 -0.0238467
 -0.709019
 -0.740203
 -0.74135
 -0.187402
 0.585029
 0.713769
 0.697871
 1.3069
 1.87149
 2.34795
 1.83053
 1.4389
 0.492858
 0.578675
 -0.260029
 -0.323668
 -0.40511
 0.465745
 0.614914
 0.0652528
 -0.922473
 -0.415577
 0.291573
 0.439785
 0.605265
 0.487045
 -0.0499191
 -0.469187
 0.771572
 0.438718
 0.67535
 0.427537
 0.0778182
 -0.303836
 -0.106715
 0.738071
 0.0205007
 0.177534
 0.0957286
 -0.0982418
 -1.15
 0.409893
 0.464998
 0.156238
 -0.452995
 -0.407781
 0.953079
 0.5586
 0.452839
 0.2994
 -0.530553
 -0.520586
 -1.69135
 -2.00978
 -2.35981
 -1.49849
 -0.551228
 -0.558132
 -0.598202
 0.174649
 0.0471674
 1.03653
 0.887761
 -0.231132
 -0.774943
 -1.19231
 -1.02759
 -0.126542
 -0.234032
 0.06351
 0.696384
 -0.0736386
 0.783837
 0.46144
 -0.145172
 0.207429
 0.186114
 0.394262
 0.298877
 -0.449634
 0.286231
 -0.62629
 0.106859
 0.154022
 0.34976
 1.33192
 0.87076
 0.531446
 0.0131659
 -0.778026
 -1.03383
 -1.01366
 -0.233321
 0.409203
 0.853937
 1.08347
 2.12951
 2.3413
 1.27013
 0.829652
 1.41079
 0.877924
 0.699771
 -0.718241
 -1.89174
 -1.68895
 -0.362494
 0.641976
 0.972813
 0.894999
 0.774866
 -0.115276
 -0.78374
 -0.523542
 -1.6483
 -2.61813
 -1.98336
 -1.8227
 -1.5683
 -0.904522
 0.713675
 1.16309
 0.238635
 -0.340796
 0.257164
 1.32099
 1.50762
 1.19617
 0.981026
 0.78098
 1.02304
 0.988149
 1.01597
 2.16398
 1.22185
 0.584275
 0.352428
 0.744369
 0.157076
 0.544297
 -0.0233903
 -0.320291
 0.56146
 0.436327
 -0.547316
 0.0318764
 -0.808851
 -0.486321
 -0.798809
 -1.14835
 0.385467
 1.71812
 1.13248
 1.46903
 0.446455
 -0.906109
 -1.10963
 -1.06441
 -1.18703
 0.0600977
 -0.846568
 -0.953372
 -0.941727
 -0.175388
 0.0452704
 0.0395816
 -0.381212
 -1.20502
 -0.405669
 -0.501866
 -0.91043
 -1.14051
 -1.82925
 -1.4772
 -0.522295
 -0.228872
 0.201996
 -0.45725
 -1.60863
 -1.28904
 -1.81413
 -1.75451
 -1.91073
 -1.42777
 -2.79274
 -1.83884
 -2.25466
 -1.46141
 -1.42109
 -2.14798
 -2.19678
 -2.67699
 -1.97984
 -0.989006
 0.838789
 1.34613
 1.85989
 1.4741
 0.798069
 0.872214
 1.20936
 1.62124
 0.813528
 -0.810097
 -1.23253
 -0.851273
 0.127784
 -0.645622
 0.0189969
 -0.113293
 1.11702
 1.58559
 1.89776
 0.488328
 0.140504
 0.458081
 0.274967
 1.19116
 1.51267
 1.04323
 0.912459
 1.27562
 1.59574
 1.02759
 1.72151
 1.23226
 1.36645
 0.223616
 0.803505
 0.553452
 0.616309
 0.762122
 1.09387
 0.700839
 0.213037
 -0.775481
 -0.483185
 -0.797804
 -0.197925
 -0.534695
 -0.534788
 -0.578405
 -0.30205
 0.0400116
 -0.211511
 0.220755
 -1.18507
 -1.23138
 -0.498141
 -0.855997
 -0.433855
 -1.4505
 -0.135624
 -0.118913
 -0.331557
 -0.799599
 -0.435193
 -1.10686
 0.220723
 0.186845
 0.27649
 -1.0931
 -1.02895
 -1.07388
 -2.36899
 -1.57281
 -1.86702
 -2.06072
 -1.41797
 -0.966224
 -0.449541
 -0.443934
 -0.916692
 -0.521843
 0.0386106
 -0.511938
 -0.913138
 -0.651037
 0.563188
 1.00658
 0.789451
 1.46943
 1.78412
 2.44636
 2.35116
 2.09743
 0.929972
 0.925598
 0.904242
 0.771749
 0.589081
 0.398401
 0.139837
 -0.253938
 -0.790076
 -0.954032
 -0.372617
 -1.36427
 -2.25051
 -1.96866
 -1.74451
 -1.07773
 -1.48135
 -1.57382
 -1.46155
 -0.841397
 -0.120777
 0.156215
 0.446818
 -0.33964
 -0.795835
 -0.957362
 -0.601463
 -0.35093
 0.203079
 -0.613665
 -0.046201
 -0.48126
 -1.36809
 -1.5836
 -1.3134
 -2.27609
 -2.75573
 -1.78236
 -1.51043
 -2.04647
 -0.0486601
 0.21598
 1.24007
 0.188649
 -0.0818172
 -0.0970877
 -0.0476481
 -0.288277
 0.522058
 0.974215
 0.794304
 1.1452
 -0.134178
 -1.6086
 -1.35222
 -1.10553
 -1.68241
 -1.2076
 -1.97215
 -1.00431
 -1.52081
 -1.20719
 -0.5134
 -0.818757
 -0.642075
 -0.312962
 0.85322
 1.19639
 1.59735
 1.13747
 1.49646
 1.31099
 0.588884
 -0.176095
 -0.80967
 -1.27104
 -0.343502
 0.513596
 1.91682
 1.08628
 0.22163
 0.234472
 -0.114595
 0.383507
 -0.111549
 -0.628591
 0.397491
 0.964739
 0.925275
 0.436848
 -1.30919
 -1.34381
 -1.77432
 -0.734372
 -0.16461
 -0.82846
 -0.652698
 -1.62639
 -0.790092
 -0.096749
 -0.44001
 0.00763833
 0.259757
 0.695834
 0.0283555
 0.402229
 0.519988
 0.0241125
 -0.512477
 -0.362128
 -0.0631534
 0.601661
 0.0867449
 -0.274466
 0.891905
 0.844107
 1.31966
 0.816196
 0.10288
 0.529658
 0.141614
 0.438396
 0.445903
 0.885977
 0.052114
 -0.127058
 0.330635
 -0.105839
 0.469758
 0.781685
 0.448725
 0.608067
 0.0114746
 -1.01457
 -0.269564
 0.552257
 0.349837
 0.761837
 -0.622533
 -0.0877665
 0.268844
 0.0583622
 0.472713
 0.71721
 0.649389
 -0.131732
 -0.730479
 -0.784844
 -0.472458
 0.0791744
 -0.0313288
 -0.1499
 -0.365868
 -0.348691
 -0.572663
 -1.17953
 -0.979501
 -0.768301
 0.692822
 0.92309
 1.78869
 1.31085
 0.742724
 0.285584
 1.04202
 0.510949
 -0.442734
 -1.20564
 -1.19692
 -0.85523
 0.483018
 -0.502969
 -0.572019
 0.344142
 0.671537
 -0.0684136
 0.440438
 -0.296765
 -0.74528
 -1.31635
 -0.734545
 -1.20427
 -1.35709
 -0.225613
 -0.442456
 -0.04638
 0.751033
 1.79424
 1.52701
 1.67027
 1.39867
 1.67328
 1.36905
 1.25792
 0.41909
 0.337497
 -0.486044
 -0.349317
 0.303638
 -1.07505
 -0.6128
 -0.995539
 -2.14822
 -1.40829
 -0.940144
 -0.685511
 -1.19288
 -0.82586
 -1.74453
 -1.79776
 -0.443643
 1.26264
 1.35907
 1.24795
 1.39338
 0.56054
 -0.653372
 -1.19676
 -1.50267
 -0.831661
 0.17707
 0.113914
 -0.134863
 -0.139266
 -0.863909
 -0.15556
 0.127746
 1.52543
 1.11147
 0.785621
 0.925122
 -0.486171
 -1.06725
 -1.29885
 -0.744149
 -0.202902
 -0.795335
 -0.607713
 -1.04838
 -1.16632
 -0.768403
 -1.08242
 -1.32102
 -2.0843
 -1.53475
 -1.9561
 -1.90799
 -0.569298
 -0.0670248
 -0.0014146
 0.804532
 0.738648
 0.00670097
 0.109471
 0.5115
 0.174752
 -0.631571
 -0.873898
 -0.0276048
 0.242295
 1.43504
 0.563191
 0.289617
 0.408821
 -0.284892
 -0.451034
 -0.91574
 -1.36199
 -1.85777
 -0.681952
 -1.55554
 -0.748674
 -0.709138
 0.392155
 -0.211085
 -0.731468
 -0.930215
 -2.84767
 -1.58433
 -0.92006
 -0.955729
 -1.38682
 -1.1824
 -0.60921
 -1.53568
 -1.22811
 -0.403302
 -0.338781
 0.178876
 -0.685061
 -0.672899
 -0.452632
 -0.580785
 -1.11118
 -0.755167
 0.571232
 -0.336922
 -0.985978
 -0.89513
 -0.25345
 0.00252719
 0.345624
 1.23782
 0.756981
 1.90155
 0.876989
 0.470679
 0.689239
 1.14678
 0.816626
 0.0919281
 -0.130961
 0.738823
 0.451463
 0.860572
 0.717252
 0.671627
 0.65413
 0.912069
 0.687107
 0.374079
 0.551463
 1.30628
 -0.216632
 -1.23614
 -0.501371
 -0.566655
 -0.473241
 0.311407
 0.755206
 1.15146
 0.70445
 1.15737
 1.69017
 0.996924
 0.763754
 0.8453
 0.467926
 0.480301
 -0.110067
 -0.717303
 -0.238026
 -0.440525
 -0.698205
 0.635543
 -0.00125453
 0.481353
 0.835821
 0.363144
 0.105059
 0.343386
 0.672517
 0.144384
 -0.202356
 -0.120205
 -1.5294
 -0.886448
 -0.0470896
 1.05904
 0.742496
 0.000711229
 -1.50245
 -1.02869
 -0.962706
 -0.76878
 -0.624692
 -0.321573
 -0.761107
 -1.15017
 -1.21436
 -2.18676
 -0.31844
 1.6642
 1.29442
 1.11404
 0.241098
 0.545711
 1.02554
 1.28136
 0.924295
 0.889168
 1.09594
 1.75448
 1.13716
 0.158109
 0.0502491
 -0.888806
 -1.22099
 -1.15675
 0.227138
 1.69383
 2.05184
 1.6266
 0.496165
 0.809873
 -0.295636
 0.0987549
 0.829653
 0.104385
 0.3305
 -0.674254
 -0.82019
 -1.41302
 -0.777153
 -1.00551
 -1.05405
 -0.821486
 -0.0516642
 -0.0730664
 -0.96186
 -1.27643
 -1.63241
 -2.10357
 -1.3337
 -0.174785
 -0.771665
 -0.398372
 -1.21269
 -2.21026
 -1.68326
 -1.76721
 -0.682571
 0.292723
 0.112115
 -1.10794
 -0.470447
 0.0429215
 0.178888
 1.18268
 0.860163
 1.97046
 1.28354
 1.14708
 -0.183594
 -0.194131
 -0.845421
 -3.30809
 -2.37539
 -1.0065
 -0.903662
 -0.961764
 -0.890025
 -1.79717
 -1.37372
 -0.772925
 -1.16311
 0.00815279
 0.214069
 0.112054
 0.386392
 1.02285
 1.23837
 1.96331
 1.14405
 0.9386
 0.94586
 0.878941
 0.708484
 0.956501
 0.750737
 0.309799
 0.787065
 0.755076
 2.46729
 1.99048
 1.46795
 0.50629
 0.497262
 0.80011
 0.0429539
 0.599392
 1.15923
 -0.669912
 -0.999417
 -1.02819
 -0.166757
 -0.578514
 0.500657
 0.787546
 -0.442373
 0.52683
 1.67467
 1.7666
 0.544565
 0.786209
 0.660409
 -0.0418136
 0.375508
