 0.343217
 0.170539
 -0.508021
 0.498474
 -0.911204
 -0.420157
 -0.0636983
 0.075616
 0.713133
 -0.654743
 -0.358611
 1.31182
 0.37828
 0.644174
 -0.563462
 -0.150501
 -0.295556
 -1.12073
 -0.438455
 -0.284202
 1.32657
 0.0386314
 -0.178476
 0.991252
 -0.21366
 0.16963
 0.56366
 -1.07622
 -0.158874
 -0.712806
 1.14979
 0.975399
 0.306138
 -1.31985
 -0.197979
 -0.00596553
 0.240658
 -0.272886
 0.598092
 -1.31285
 1.36115
 -0.277427
 0.87762
 -1.77292
 0.470878
 -0.116065
 0.29187
 -0.131678
 -0.663245
 0.26897
 -0.0512486
 1.21329
 -1.27605
 0.125939
 0.595353
 -1.64775
 0.26968
 -0.579527
 2.5132
 -1.11626
 1.17448
 -0.677837
 -0.90307
 0.330034
 0.406061
 0.170793
 0.00321584
 -0.359431
 -0.106022
 0.436905
 -0.0125828
 -0.0131494
 -0.0833056
 -0.283091
 0.206555
 -0.52432
 -0.504281
 0.639905
 0.717931
 -0.50062
 0.055285
 -0.20949
 -0.290482
 -0.317871
 0.0727982
 0.370469
 -0.0582548
 0.393063
 0.583494
 -0.429183
 0.129909
 0.368191
 -0.448897
 -0.811289
 0.694053
 -1.34857
 0.997518
 0.0776028
 0.14718
 0.213692
 0.86715
 -0.997105
 -0.279297
 -0.0422316
 0.609854
 0.22
 -1.86148
 0.8628
 -0.969659
 -0.196966
 1.9627
 -1.08906
 0.844991
 -0.502791
 0.921343
 0.719304
 0.582718
 0.878514
 -1.22525
 -0.498948
 -0.108417
 -0.917183
 0.0524398
 -0.0472477
 -0.318743
 1.77091
 -1.61657
 0.44467
 0.909716
 0.521545
 -1.69438
 -0.239247
 1.17333
 0.272533
 0.21402
 -1.72079
 1.35186
 -0.318888
 1.00926
 -0.263734
 0.648196
 -1.15682
 0.132269
 -1.02779
 0.15549
 0.647958
 -0.973346
 1.10556
 -0.773207
 0.814156
 0.805674
 -0.444745
 -1.04535
 0.554506
 -0.215332
 -0.378253
 0.827253
 -0.960953
 -0.750488
 0.176458
 0.232144
 0.194716
 -0.099937
 -0.733218
 0.134661
 -0.6205
 0.714955
 0.749364
 -0.526538
 0.132263
 -0.556584
 0.511546
 -0.578197
 1.14978
 -0.307323
 0.217452
 1.01315
 -0.321461
 -0.248281
 -0.648098
 0.336946
 0.0707516
 0.0752186
 -0.299107
 -0.856089
 1.34416
 -0.125829
 0.853933
 0.583274
 -0.685689
 0.0335502
 0.183038
 -0.942153
 0.585493
 -1.45555
 1.5653
 -1.13408
 0.737836
 -0.624581
 0.141365
 1.53689
 -0.511126
 -0.920426
 -0.240064
 0.767562
 -0.762451
 -1.01156
 0.366724
 0.443052
 0.500028
 -0.809589
 -0.461966
 0.861064
 0.446831
 -0.514484
 -0.0242509
 0.624097
 -0.217238
 -0.435189
 0.39172
 -0.885823
 1.06408
 -0.263954
 -0.480623
 0.481735
 0.255235
 0.417875
 -0.283669
 0.0516005
 -0.620615
 -0.905108
 0.246444
 -0.155854
 -0.217125
 0.0341502
 0.906943
 -0.456997
 0.728976
 -0.146434
 -0.100081
 0.344406
 0.898896
 -0.259262
 -0.469913
 -0.769833
 -0.060138
 -1.36052
 0.837107
 0.369162
 -0.0408161
 -0.06879
 0.438433
 0.361349
 0.149099
 -0.680025
 0.0604374
 -0.544252
 0.892867
 -0.846214
 -0.134181
 0.317208
 -0.375837
 0.938023
 -0.323232
 1.04472
 -0.200136
 0.155173
 -1.10934
 -0.558498
 0.913424
 0.0767098
 1.0914
 -0.977317
 1.44901
 -1.44849
 0.419088
 0.219554
 -0.60102
 1.24653
 -0.897116
 1.5552
 -1.4855
 0.59819
 -1.31899
 1.95524
 -1.13134
 0.563475
 -0.130059
 -0.570768
 0.339292
 0.0557777
 0.0484225
 0.0790773
 0.349727
 -0.966486
 -0.61199
 0.164039
 -0.575358
 2.00122
 -0.829517
 0.41203
 0.970634
 -1.3337
 0.419508
 -0.372862
 -0.215161
 -0.755934
 -0.472906
 0.57046
 -0.432389
 0.923707
 -0.435332
 0.595287
 -0.0404769
 0.857294
 -0.130948
 -1.41757
 0.00128155
 0.66057
 1.18617
 -1.17709
 1.80992
 -1.62101
 -0.378549
 -0.100272
 1.10252
 -1.22396
 0.243505
 -1.43449
 0.752084
 -0.0242834
 0.716457
 0.0581756
 0.189249
 -0.155964
 -0.206954
 -0.209789
 -0.00505921
 0.227521
 0.0621518
 0.335761
 -0.610873
 -0.214004
 0.36677
 -0.227517
 1.08514
 -0.142568
 0.363617
 -0.699828
 1.36994
 -1.9691
 0.214368
 0.442024
 -0.259626
 0.856771
 -0.635924
 0.277085
 -0.27676
 0.450231
 -0.631208
 0.278103
 -0.25912
 -0.623081
 -0.0853152
 0.763803
 -1.40322
 2.05184
 -0.996878
 0.279875
 -0.556088
 0.471604
 0.819496
 -0.111429
 -0.156954
 0.45671
 -0.932536
 0.455065
 -1.72269
 0.996541
 -0.294799
 0.503087
 -1.56231
 0.547154
 -0.175839
 1.27015
 -0.711122
 0.639169
 0.612711
 -0.270515
 -0.995083
 -0.180523
 -0.384156
 -0.603375
 1.03513
 1.60927
 -0.796663
 -0.312429
 0.643929
 -0.114883
 0.814352
 -0.770106
 0.0923886
 -0.572976
 -0.155946
 0.612922
 0.767962
 -0.315411
 0.551305
 -0.890343
 0.739188
 -1.67024
 1.00748
 -0.427359
 0.172865
 -0.222487
 0.558523
 -0.642046
 0.0846561
 -0.761062
 0.190114
 0.427541
 -0.579817
 0.124586
 0.525144
 -0.142057
 1.91029
 -1.08203
 -0.439174
 0.876463
 0.766494
 -0.932984
 -0.379575
 -1.02668
 -0.0101239
 0.226993
 0.27991
 0.567294
 0.223294
 -1.06096
 0.844198
 0.0832282
 -0.492783
 0.665761
 -0.4955
 -0.503317
 -0.118488
 1.04065
 0.692848
 0.173833
 -0.520667
 -0.838097
 0.697189
 -1.20559
 0.0896739
 -0.224426
 0.383389
 -0.345518
 0.323071
 1.02635
 0.295681
 -0.0347937
 -0.0290892
 0.293353
 -1.23612
 0.797364
 0.0959991
 -0.272816
 -0.268508
 -0.159122
 0.534578
 -0.888311
 0.540799
 -1.19209
 0.252585
 0.463368
 -1.48487
 1.34482
 -1.5154
 2.56593
 -0.28989
 -1.16671
 0.13721
 -1.45718
 0.966432
 1.14592
 -0.0659009
 -0.868617
 0.965336
 -0.556875
 -0.599112
 -0.194983
 1.03524
 -0.268213
 0.0865063
 0.0230537
 -0.454991
 -0.917924
 0.866266
 -0.712614
 -0.402923
 -0.593586
 0.669685
 1.26894
 0.244398
 -0.978183
 0.00750879
 -0.452741
 0.381698
 0.669127
 -0.685004
 0.854007
 0.0877463
 -0.713887
 1.0586
 -0.140153
 1.1532
 -1.52942
 0.426569
 -0.909933
 0.0989545
 -0.850743
 2.09601
 -1.45875
 -0.123656
 0.968243
 -0.509187
 0.48272
 0.852893
 -1.29984
 0.850077
 -0.491167
 0.261997
 1.17117
 -0.758887
 -0.0712778
 -1.46194
 -0.327735
 0.222696
 0.0619767
 -0.249337
 0.459924
 1.26756
 -1.02329
 -0.310509
 1.0259
 -1.02419
 0.731127
 -1.68235
 0.775757
 -0.533791
 1.18985
 -0.693287
 0.400086
 0.307251
 -0.130937
 0.792753
 -0.575383
 -0.587221
 0.71051
 -0.482327
 1.20776
 -0.657012
 -0.509942
 0.668044
 -0.265382
 -0.0486654
 -0.00305011
 0.0327614
 -0.0780417
 1.9238
 -1.45006
 1.23832
 -1.55228
 0.620476
 -0.770777
 0.523024
 -0.812566
 -0.678528
 1.15096
 -1.09474
 1.01632
 -0.527201
 -0.48539
 1.81589
 -1.65152
 0.428095
 0.857331
 -0.646841
 0.666101
 -1.34978
 0.381003
 -0.867803
 1.60111
 -1.15315
 1.58787
 -0.15477
 -0.46022
 0.0818243
 0.098054
 -0.0731111
 0.272621
 -0.663591
 0.461916
 -1.2854
 0.424107
 -0.626571
 1.32511
 -0.816888
 -0.365572
 -1.1051
 1.79724
 0.536151
 0.412123
 -0.218575
 -1.26284
 0.156531
 0.639795
 0.809138
 -1.20377
 1.39776
 -1.28916
 0.0193687
 -0.449219
 0.767168
 -1.11124
 1.03777
 -1.08208
 1.62174
 -0.453162
 1.09311
 -0.72144
 0.958594
 -0.387078
 -0.602813
 0.018143
 -1.51659
 0.458691
 -0.506272
 0.875983
 0.260654
 -0.0374349
 -0.062995
 -0.284185
 0.334524
 0.604933
 -1.08377
 0.598632
 0.265101
 -0.742652
 1.61791
 -0.428677
 0.383354
 -1.0499
 -1.05642
 1.09031
 -1.44216
 1.63485
 -1.47672
 1.17549
 -1.27106
 0.211353
 0.00180171
 0.211143
 1.33108
 -0.500342
 -0.00052575
 -0.975317
 0.273249
 0.542234
 0.08034
 1.00027
 -1.16093
 0.25398
 1.34731
 -2.3084
 0.807397
 0.338724
 -0.0203202
 -0.087324
 0.716573
 -0.300659
 -0.549064
 0.628312
 -0.0819806
 -0.449528
 -0.170119
 -0.355227
 0.503971
 -0.399755
 0.123821
 -1.10023
 0.612821
 -0.032979
 0.897222
 -0.61093
 0.536207
 -0.710269
 0.313928
 0.0857533
 0.134499
 0.993255
 -0.189415
 0.655887
 -0.279788
 -0.0331303
 -1.83278
 0.758581
 -0.749561
 1.24469
 1.63612
 -1.92143
 -0.393547
 -0.439966
 0.44013
 -0.143795
 0.25217
 0.517508
 -0.262967
 1.12373
 0.277957
 -1.72473
 1.04458
 -0.561898
 0.554638
 -0.342681
 -0.008893
 0.0400143
 -1.30353
 0.848282
 -0.772189
 -0.524093
 0.447582
 0.253278
 0.671786
 -0.384705
 -0.0651681
 0.806229
 -0.201639
 -0.776668
 0.822946
 -0.305255
 0.772666
 -0.226028
 0.0825565
 -0.804529
 -0.281652
 0.830681
 -0.0397301
 -0.00305055
 0.797204
 -0.850896
 -1.66281
 2.07698
 -2.31248
 1.71304
 0.0882085
 0.0655026
 0.423776
 -0.860955
 0.40207
 0.380996
 0.222502
 -0.368927
 -0.564034
 0.00480823
 -0.385625
 0.285905
 0.10727
 1.23911
 -0.896348
 -1.15383
 0.682689
 0.0588556
 -0.110293
 0.181531
 -0.552772
 0.0908395
 0.057193
 0.0648144
 -0.241124
 -0.703868
 1.37451
 -1.15439
 0.738841
 -0.454777
 1.02723
 -1.03558
 1.30896
 -0.265729
 0.844964
 0.427992
 -1.47033
 -0.161035
 -0.703671
 1.43314
 -0.0438688
 -0.371376
 0.98759
 1.18878
 -1.36802
 0.375318
 -0.180789
 0.361612
 -0.156181
 0.619093
 0.651085
 -0.99532
 0.186144
 -0.65132
 0.141878
 -0.487781
 0.264354
 -0.259567
 0.646519
 -0.685863
 0.208086
 0.258965
 -1.17497
 0.170324
 0.122242
 -0.650027
 1.12187
 -0.300693
 -0.532594
 0.697465
 -0.969461
 0.627691
 0.0956251
 -0.070257
 0.129617
 0.090502
 0.10585
 0.442574
 -0.455908
 -0.329942
 -0.12452
 0.233252
 -0.285722
 1.06322
 -0.544197
 0.700303
 -1.72616
 1.08476
 -1.23155
 1.2843
 -0.496189
 1.167
 -0.16864
 -0.909594
 -0.448324
 1.46916
 -1.18195
 0.758677
 -0.072247
 -0.0716696
 -0.078216
 -0.508293
 -0.461372
 -0.127502
 2.41604
 -1.21452
 0.410764
 -1.69695
 0.966979
 -1.18967
 1.79372
 -1.90766
 0.22348
 0.107226
 0.656278
 -0.403187
 -0.546477
 -0.750182
 0.43359
 0.813043
 -1.00246
 0.86834
 -0.161619
 1.12529
 -0.479927
 0.708917
 -0.335014
 0.352772
 1.81859
 -1.01909
 0.0265407
 -1.09077
 0.544234
 -0.528111
 -0.456003
 0.806421
 -0.854794
 0.837964
 0.398978
 0.643006
 -0.762685
 0.454222
 -1.08222
 -1.28332
 0.833149
 -0.420321
 -0.17102
 0.889914
 -0.0628756
 -0.290694
 -0.0966217
 0.231256
 -1.4638
 1.53953
 0.437881
 0.364838
 0.191737
 -1.61816
 -0.663555
 -0.486172
 0.716498
 -0.187889
 -0.000313858
 0.340458
 0.288173
 -0.30814
 0.268825
 -0.111524
 0.84994
 0.242068
 0.458133
 -1.31604
 0.730748
 -0.978676
 1.12914
 -0.217427
 -0.233827
 0.535109
 0.168753
 -0.628471
 0.293416
 -0.0521353
 0.0786689
 0.588626
 0.545463
 -1.81173
 1.99596
 -1.98652
 0.507397
 -1.31526
 0.756346
 0.0624968
 0.18419
 0.170149
 0.0420386
 0.00170913
 0.24995
 -0.288964
 -0.0713704
 -0.193275
 -0.217078
 0.894116
 0.724098
 -0.897112
 0.642066
 -0.873386
 -0.291936
 0.534567
 -1.05274
 -0.194932
 -0.304678
 1.36969
 -0.920815
 1.1721
 -0.327085
 0.161854
 0.321451
 -0.863048
 0.324629
 0.277454
 -0.844625
 0.511528
 -0.90343
 1.59063
 -0.285217
 0.327553
 0.034313
 -0.0429399
 0.817932
 -1.18407
 0.825592
 -0.137564
 -0.717224
 -1.26217
 0.957329
 0.28161
 0.168228
 -0.40805
 0.908469
 -0.305989
 -0.511718
 0.202579
 -1.036
 1.09826
 -0.653027
 -0.461914
