 -0.0631642
 -0.00872347
 -0.108243
 0.00377282
 -0.000574744
 -0.148626
 -0.0662776
 0.00815678
 0.174243
 0.0475246
 -0.0861243
 -0.080472
 0.155109
 0.0956577
 -0.0158786
 -0.159161
 0.0446698
 0.00619849
 0.000788838
 0.00643327
 0.0618648
 -0.0900917
 0.0356694
 -0.0574763
 -0.0672887
 0.0388032
 0.0980639
 0.043483
 -0.0362241
 -0.0305149
 -0.0862893
 0.0460672
 -0.0985117
 -0.109303
 -0.143303
 -0.0289583
 0.0817365
 -0.183553
 0.173709
 0.0123389
 -0.204427
 -0.0630249
 -0.0343554
 0.16413
 -0.0329743
 0.0357395
 0.10631
 -0.0782916
 -0.0434104
 0.0265516
 -0.148861
 0.0593075
 0.0292233
 -0.0808968
 0.0241884
 0.0720506
 -0.233837
 -0.121481
 0.0956624
 0.0866225
 -0.0345367
 0.0555587
 0.0118717
 -0.000476514
 -0.170243
 0.0128271
 0.0276066
 0.145983
 -0.0206619
 0.10804
 -0.168765
 0.085594
 0.0713372
 0.00252345
 -0.269811
 0.2445
 -0.0798917
 0.10751
 -0.0588011
 -0.053324
 0.013037
 0.0560873
 0.141253
 -0.0500368
 -0.11263
 0.224159
 0.0699744
 -0.210001
 0.0881569
 -0.026015
 0.060085
 0.202866
 -0.0673445
 -0.0689947
 -0.0205561
 0.170633
 0.158555
 -0.0766404
 -0.0393062
 0.096283
 0.108291
 -0.0714125
 -0.113693
 0.0922167
 -0.0934226
 0.131462
 -0.175233
 0.0331914
 -0.0295645
 -0.0141529
 0.118926
 0.0177783
 0.109145
 -0.151532
 0.00356552
 -0.0541874
 0.0312299
 0.150389
 -0.0572412
 0.0609656
 -0.0786723
 -0.107861
 -0.0178759
 -0.0527988
 -0.02973
 -0.0949451
 0.0141022
 -0.0542816
 -0.141058
 0.081473
 0.0786084
 -0.143493
 0.00165282
 0.090292
 0.00584938
 0.0297268
 -0.0915861
 0.0744415
 -0.0909551
 -0.113903
 0.0770501
 0.0940736
 0.0442079
 -0.050088
 -0.294457
 0.0619272
 -0.00848207
 0.00724054
 -0.0771245
 0.0959183
 0.103548
 0.15573
 0.047084
 0.144674
 -0.0343006
 -0.0439351
 0.0332113
 -0.0877051
 0.0432298
 0.191044
 -0.078889
 0.0140667
 0.0825509
 0.0473353
 -0.0280771
 -0.174827
 0.00618362
 0.201879
 -0.00281283
 0.0712624
 -0.0877105
 -0.0662003
 0.149806
 -0.00716512
 0.0156796
 -0.0315908
 0.0829692
 0.0409489
 -0.0602836
 -0.0667623
 -0.111409
 0.0128512
 -0.0773719
 -0.112646
 -0.0106485
 0.010678
 0.0996746
 -0.0923426
 -0.0634517
 -0.0686029
 -0.0996439
 0.16618
 0.0438967
 0.0858404
 -0.0676965
 -0.0193355
 -0.0375631
 -0.0162983
 -0.0917521
 -0.221626
 0.0340459
 -0.094474
 -0.142914
 0.0718856
 -0.121522
 0.109369
 0.00210334
 0.0486919
 0.0817547
 0.165617
 0.164095
 -0.0196812
 -0.0552869
 -0.0515523
 -0.138844
 -0.0319595
 0.140656
 0.0259487
 -0.0160822
 -0.0667507
 0.0520068
 -0.00535424
 0.109995
 -0.114047
 -0.0724804
 -0.038797
 0.0836143
 -0.114288
 0.0596524
 0.0745681
 -0.0497123
 -0.194848
 -0.020639
 -0.046216
 0.0266321
 0.00774827
 -0.011861
 0.0222797
 0.0454273
 -0.0826264
 -0.0101005
 -0.0635919
 0.11654
 0.0816052
 0.0534124
 -0.0500101
 -0.0928527
 -0.0630653
 7.62917e-05
 -0.0097694
 -0.0688804
 -0.066842
 0.110914
 -0.0139188
 -0.0406452
 -0.0480282
 0.0184488
 -0.100169
 0.0442941
 -0.016089
 0.183793
 0.169656
 0.0249614
 0.0755952
 -0.00581188
 0.0675474
 -0.213874
 0.0815415
 -0.211662
 -0.0392957
 0.0489649
 0.0628565
 -0.151204
 0.0673776
 -0.112531
 -0.0507695
 0.0480691
 -0.147401
 0.0549777
 0.027774
 0.0191996
 0.0780853
 -0.134396
 0.0982098
 0.107379
 -0.0257117
 -0.135532
 -0.0625158
 0.0549103
 0.121536
 -0.150579
 0.00654118
 0.0799445
 0.0266388
 0.0657961
 0.0246945
 -0.10977
 -0.07672
 0.148277
 0.0146405
 -0.17796
 0.178197
 -0.0551452
 0.0479472
 -0.0873328
 -0.0999136
 -0.0581509
 0.0227353
 -0.0350905
 0.0754667
 0.153794
 0.0279886
 0.10997
 0.0375841
 -0.110722
 0.0470312
 0.0139448
 -0.0756482
 0.133377
 0.0110985
 0.0752489
 0.060612
 0.0108669
 -0.130041
 -0.117933
 0.244139
 -0.0633366
 -0.103336
 0.110465
 -0.0792172
 0.113866
 -0.00328364
 -0.0706547
 -0.0576742
 0.0530771
 0.0154339
 -0.0103019
 0.111362
 -0.147588
 0.0591863
 -0.120267
 -0.0672456
 -0.124759
 -0.106088
 0.165011
 -0.0685161
 -0.0202453
 -0.176312
 0.231807
 0.0723524
 0.1156
 0.00337844
 0.137521
 -0.0156835
 0.32233
 0.020284
 -0.0212153
 -0.108059
 0.0331066
 -0.0100464
 -0.00517659
 0.267265
 0.0656414
 -0.00546392
 0.146212
 0.131669
 0.0246826
 -0.297958
 0.0697068
 -0.177416
 0.0725572
 -0.0255589
 0.126476
 0.0144914
 0.0219467
 -0.00343662
 -0.0634136
 0.0407708
 0.119679
 -0.134609
 -0.0740644
 -0.0964493
 -0.0399055
 -0.0618401
 0.14074
 0.0382159
 0.00230197
 0.159032
 -0.0257453
 0.00465056
 0.165777
 0.0651462
 -0.0450229
 0.104483
 0.0310792
 0.0219768
 -0.187504
 0.060419
 -0.0317601
 0.0459755
 0.0692344
 -0.0878776
 0.0197094
 -0.0268706
 0.0688065
 0.0317477
 0.0425386
 -0.066505
 -0.1177
 0.124744
 0.0443364
 0.0797214
 -0.00577175
 0.00348403
 -0.072574
 0.222995
 0.112693
 0.172217
 -0.0854024
 -0.11832
 -0.0203251
 -0.0563959
 0.0446129
 0.123451
 0.301068
 0.161759
 0.131163
 -0.0961796
 0.040659
 -0.0470302
 -0.0566997
 0.0606045
 0.010456
 0.0952797
 0.0339235
 0.270298
 -0.0422694
 0.0112697
 0.191076
 0.0314159
 0.0120026
 -0.153342
 -0.234106
 0.174349
 0.038806
 -0.0911488
 -0.0214074
 0.0627138
 -0.05245
 -0.107254
 -0.151777
 0.0684351
 0.177299
 -0.138229
 0.0160091
 0.0178115
 0.0457692
 0.0453025
 -0.0891157
 -0.0327076
 0.0963897
 0.0695038
 0.0415878
 -0.158976
 -0.0288752
 0.0946592
 -0.0740413
 -0.0591859
 -0.0269418
 -0.0137723
 -0.0760306
 -0.0538775
 -0.0560432
 -0.0118965
 -0.168493
 -0.0315951
 -0.0234834
 -0.0854356
 -0.0875139
 -0.0660301
 0.033365
 0.141169
 -0.0410974
 -0.0694937
 0.0708908
 -0.0282054
 -0.0625795
 -0.126427
 -0.120459
 -0.012132
 -0.201795
 -0.0135485
 -0.0395108
 0.0253356
 0.134753
 -0.198956
 -0.10544
 -0.243226
 -0.0214793
 -0.0339935
 -0.0674668
 -0.0637554
 0.075224
 -0.0435557
 0.169969
 0.0309625
 -0.105122
 -0.0606705
 -0.0617293
 -0.0342297
 0.0801291
 0.144355
 0.00480922
 -0.0783114
 0.144819
 0.0371784
 0.145088
 -0.0478629
 -0.0470944
 0.078126
 0.010409
 0.154966
 -0.0166689
 0.0176962
 0.00155162
 -0.0908127
 0.0387844
 0.0202076
 -0.200302
 0.203228
 0.0299552
 -0.126043
 -0.148788
 0.114086
 -0.00181955
 -0.0365962
 0.0541394
 -0.0119917
 0.108962
 0.0128821
 0.0933695
 -0.100867
 -0.121745
 0.0123011
 0.07218
 0.176161
 -0.0473902
 -0.117543
 0.064233
 0.127839
 -0.127501
 0.00595686
 -0.0103202
 0.150349
 0.0868395
 -0.0157633
 -0.143594
 -0.0628054
 -0.153205
 -0.00782536
 0.168193
 -0.109704
 0.0111508
 0.100627
 0.0269331
 0.0263615
 -0.0687591
 0.0291743
 0.0291006
 0.14916
 -0.0576013
 -0.107301
 0.0102913
 -0.0341865
 0.0229605
 0.0254369
 0.0989376
 -0.0991991
 0.0637815
 -0.129885
 0.166071
 -0.00871108
 -0.134379
 -0.10948
 0.0235024
 0.131008
 0.0516756
 -0.129448
 0.0186165
 -0.0599908
 -0.0457004
 -0.109762
 0.145457
 0.113986
 -0.0490851
 -0.0536617
 0.0695831
 -0.0771426
 -0.182021
 0.0461591
 0.0761125
 -0.0284701
 -0.0439153
 0.0521217
 0.0307847
 0.00761829
 -0.0548605
 0.163245
 0.120309
 0.0934429
 0.0482313
 -0.0686368
 0.213693
 0.0126778
 -0.105155
 -0.0601935
 0.143969
 -0.00399714
 0.044646
 0.0912328
 0.0455253
 -0.166306
 -0.011991
 0.00159152
 0.0535788
 0.1252
 -0.162497
 -0.0690676
 0.0264902
 0.0811247
 0.204123
 0.115582
 0.0868255
 0.0977274
 -0.181995
 0.0967106
 0.142315
 0.0188431
 -0.0505846
 0.0961418
 -0.00463272
 -0.1534
 0.00268556
 0.0349898
 -0.0741275
 -0.000417502
 0.0348241
 -0.120057
 0.118501
 0.0042725
 -0.117784
 0.0557641
 -0.103617
 0.0149892
 -0.0141704
 0.0794164
 0.0389976
 -0.0425064
 -0.0407679
 0.0233061
 0.00585058
 -0.0413421
 -0.189505
 -0.00193068
 -0.0853021
 0.114659
 0.0289991
 0.138349
 -0.147471
 0.131343
 0.0755319
 0.00839203
 0.0232391
 0.128282
 -0.00995571
 0.0815394
 0.0450586
 0.0422328
 0.0194698
 -0.0749095
 0.0767951
 -0.0388245
 -0.175883
 0.0343326
 -0.17749
 -0.0497516
 0.04037
 -0.274422
 -0.0585458
 -0.00142977
 0.00713157
 -0.21112
 -0.0329954
 -0.040546
 -0.0796892
 0.097287
 0.131403
 -0.104507
 0.154442
 -0.0610675
 0.0112434
 0.0269716
 -0.16141
 -0.0715701
 0.0928671
 0.00895062
 0.0943605
 -0.211745
 -0.103286
 -0.00726509
 0.0872863
 0.0675266
 -0.143433
 -0.119882
 -0.0977836
 0.0556023
 0.123929
 0.0470021
 0.252878
 0.0500384
 0.0334345
 -0.091866
 -0.0155222
 -0.0667932
 0.0630266
 0.0157574
 -0.0409613
 -0.111738
 -0.112076
 0.00708398
 -0.038235
 -0.159509
 0.0557691
 0.157595
 -0.0330556
 0.107447
 0.016908
 0.0852642
 0.0293347
 -0.0842479
 -0.0943221
 -0.101175
 0.0414248
 0.00356891
 -0.0606721
 -0.0316509
 0.0944142
 0.00463565
 -0.0632726
 0.137623
 -0.0134542
 -0.122347
 0.0900019
 -0.138072
 0.0813798
 -0.0245024
 -0.0210719
 0.131971
 -0.00671621
 0.00164909
 -0.00490134
 -0.205791
 -0.0299075
 -0.155608
 0.0271418
 0.0599782
 0.0552114
 0.0517104
 0.0101445
 -0.0645892
 0.056188
 -0.0463305
 0.0988392
 -0.00527947
 -0.0793033
 -0.0445517
 0.0787025
 -0.0342655
 0.0288477
 0.0139469
 -0.0468996
 -0.00229754
 0.0628777
 -0.273699
 0.0173309
 0.0781729
 -0.106962
 0.0732278
 0.0805912
 0.172691
 0.168147
 0.0912279
 -0.141872
 0.120639
 -0.00358551
 -0.00918757
 -0.0851109
 0.198727
 0.00943619
 0.0076747
 -0.11608
 0.00302257
 0.0128594
 -0.00235968
 0.11988
 0.020103
 0.0748392
 -0.0107252
 -0.0949881
 0.0563674
 0.0654735
 0.027719
 0.00848961
 -0.13125
 -0.128441
 -0.151481
 0.107477
 -0.0208241
 0.119594
 0.0729917
 -0.0972876
 0.00330007
 0.0555712
 0.00280548
 0.019352
 -0.0516137
 -0.188098
 0.0474735
 -0.065225
 0.233895
 0.0250342
 -0.0503543
 0.113847
 -0.115249
 -0.201362
 -0.0231174
 -0.0145495
 0.194122
 0.0718838
 0.131763
 -0.00768778
 0.0150548
 0.0212769
 -0.0735982
 -0.0220926
 0.0235148
 -0.0536177
 0.0911781
 -0.0549052
 -0.0639665
 0.0386913
 0.0364064
 0.0860034
 0.0248129
 -0.0357422
 0.009491
 -0.0393679
 0.0371676
 -0.0768012
 0.210945
 -0.0868454
 -0.0591133
 0.0709287
 0.141956
 -0.0922479
 -0.015349
 -0.0253493
 -0.0517208
 -0.106044
 -0.0570736
 -0.0209058
 0.135706
 -0.10694
 -0.0167101
 0.0296624
 -0.0627892
 0.160148
 -0.0181163
 0.0972616
 -0.0271579
 0.0701169
 0.0151052
 0.076334
 -0.0476397
 -0.0155649
 0.0972693
 -0.103338
 -0.0771453
 -0.0499534
 -0.0662425
 0.135986
 0.0755394
 -0.0726137
 -0.133455
 0.0112853
 -0.000218436
 -0.0380754
 0.102926
 -0.0471973
 -0.0903378
 -0.0575981
 0.00750871
 0.0968447
 0.0343776
 0.00310588
 0.0450702
 0.174563
 0.1089
 0.0159947
 0.084909
 0.0315617
 -0.0450058
 -0.235334
 0.102012
 -0.177107
 0.0111341
 -0.00141028
 0.138147
 0.129432
 -0.00999275
 0.11078
 -0.0970006
 0.18757
 0.0560148
 0.0565347
 -0.0803776
 0.0340338
 0.0934135
 0.0170399
 -0.0624386
 0.0235031
 0.0140748
 -0.21614
 -0.0788661
 -0.0934348
 -0.0354288
 0.00496944
 0.0754087
 -0.116616
 0.16453
 0.0342771
 0.0270253
 -0.110869
 0.043465
 -0.130883
 0.0440518
 -0.135672
 -0.0937924
 0.0723297
 -0.089226
 0.0436704
 0.0502899
 0.0821906
 -0.0846601
 -0.131101
 -0.0963021
 -0.00669112
 0.235041
 0.0304971
 0.0956252
 -0.136516
 0.0755047
 -0.0530513
 0.0110552
 -0.197577
 0.0611645
 0.0746981
 -0.0929737
 0.183418
 -0.0277919
 -0.056567
 0.0163792
 -0.224036
 -0.113563
 0.110014
 -0.209265
 0.162523
 -0.042903
 -0.00815399
 -0.0935812
 -0.0190674
 0.151586
 -0.0277488
 0.0192438
 -0.0318412
 0.0698948
 0.229413
 0.164621
 -0.0995744
 -0.000916382
 -0.0444294
 0.0214571
 -0.15934
 0.0980284
 0.0952876
 0.024744
 -0.0477773
 0.0239183
 0.0472817
 -0.0467989
 -0.0719848
 -0.0475763
 0.0119286
