 0.0631642
 0.489228
 0.827502
 0.0385786
 0.775004
 -0.386325
 -1.02389
 -1.26213
 -1.40168
 -0.322604
 -1.12105
 -1.56517
 0.00210824
 0.53845
 1.65666
 1.10134
 0.796347
 0.419463
 -1.15999
 -1.81695
 -2.40107
 -0.50116
 -0.655883
 -0.721469
 0.725526
 0.327178
 0.607959
 1.48158
 0.0864969
 -0.0693105
 -1.08292
 0.342813
 1.75586
 2.26168
 0.578647
 0.283124
 0.0800886
 0.620507
 -0.150289
 0.85673
 -0.787627
 1.02483
 0.5006
 1.61332
 -0.658148
 0.0268917
 -0.336201
 0.239092
 -0.000709335
 -0.980312
 -0.432058
 -0.780157
 0.941338
 -0.74374
 -0.555543
 0.160968
 -1.86196
 -1.54821
 -2.71719
 0.767046
 -0.75415
 1.01155
 0.100402
 -1.03703
 -0.415744
 -0.125898
 0.0836512
 0.00299261
 -0.299879
 -0.559846
 0.301265
 0.00500779
 0.0324047
 -0.000892986
 -0.118942
 -0.349435
 -0.79008
 -1.67831
 -0.665987
 0.258285
 -0.48263
 -0.363331
 -0.74937
 -0.963021
 -1.36553
 -1.63949
 -1.01798
 -0.837947
 -0.557962
 0.381203
 -0.262396
 -0.143276
 0.639497
 0.0242304
 -1.11742
 -0.360534
 -2.32939
 -0.674722
 -0.726799
 -0.618277
 -0.304326
 1.1175
 -0.200741
 -0.693239
 -0.61422
 -0.0369876
 0.547645
 -2.2209
 -0.905249
 -2.44184
 -2.84622
 -0.0920413
 -1.77515
 -0.168754
 -1.0553
 0.363068
 1.26976
 2.05109
 3.6029
 1.88475
 1.47142
 1.29908
 -0.149734
 -0.0896213
 -0.294668
 -0.728365
 1.6108
 -0.631415
 0.231287
 1.1974
 1.93241
 -0.125659
 -0.507613
 0.926035
 1.30791
 1.65894
 -0.563953
 1.21647
 0.790273
 2.2888
 1.72803
 2.71912
 1.17337
 1.52964
 0.257814
 0.0936994
 0.955763
 -0.464839
 1.21101
 -0.120012
 1.08499
 2.11984
 1.6668
 0.216766
 1.1831
 0.792257
 0.191502
 1.45201
 -0.0713625
 -1.21069
 -0.760222
 -0.636479
 -0.468867
 -0.568602
 -1.49774
 -1.16148
 -2.28403
 -1.50173
 -0.321456
 -1.09795
 -0.661507
 -1.46874
 -0.958604
 -1.66178
 -0.0491061
 -0.476998
 -0.194601
 1.28136
 0.962054
 0.737009
 -0.0997917
 0.235788
 0.354312
 0.49321
 -0.0213019
 -1.23051
 0.53772
 0.455673
 1.70775
 2.55964
 1.73118
 1.62089
 1.98514
 0.620388
 1.61002
 -0.562117
 1.66308
 -0.0836807
 1.11238
 0.298254
 0.279482
 2.51668
 1.8422
 0.488821
 0.370035
 1.13364
 0.109416
 -1.30863
 -0.882158
 -0.473844
 0.200342
 -0.718689
 -1.26452
 -0.111073
 0.531434
 -0.244796
 -0.381213
 0.590856
 0.318142
 -0.183351
 0.253129
 -0.969768
 0.423719
 0.199203
 -0.448338
 0.199461
 0.389843
 1.19868
 0.666076
 0.784427
 0.0419926
 -1.07379
 -0.961922
 -1.27452
 -1.68669
 -1.65326
 -0.402272
 -1.09196
 -0.0117291
 -0.0929747
 -0.234862
 0.32153
 1.40021
 1.1068
 0.58431
 -0.36236
 -0.436865
 -2.46495
 -1.40893
 -1.04471
 -1.04026
 -1.10044
 -0.649393
 -0.0180526
 0.261566
 -0.624875
 -0.562724
 -1.25205
 -0.163456
 -1.35067
 -1.68057
 -1.27805
 -1.7008
 -0.427111
 -0.83027
 0.636761
 0.64456
 0.674143
 -0.551861
 -1.47368
 -0.377851
 -0.387553
 1.39421
 -0.16508
 2.16635
 0.0404198
 0.655067
 1.07645
 0.0338132
 1.8287
 0.532478
 2.75111
 0.8443
 1.58488
 -0.351565
 2.53834
 0.942129
 1.79242
 1.447
 0.61469
 1.3655
 1.23124
 1.23194
 1.40469
 1.86436
 0.564894
 -0.1162
 0.00437116
 -1.12534
 1.77679
 0.733931
 1.11767
 2.70847
 0.778695
 1.61859
 1.03445
 0.696059
 -0.478124
 -1.12138
 -0.528389
 -1.3069
 0.12172
 -0.608151
 0.370793
 0.455478
 1.55399
 1.42772
 -0.36957
 -0.541036
 0.382165
 1.91684
 0.318711
 3.03854
 0.860431
 0.474541
 -0.111918
 1.65922
 -0.0642767
 0.148102
 -1.75027
 -0.905961
 -0.974023
 0.0959895
 0.161827
 0.386356
 0.246633
 0.0220495
 -0.389206
 -0.155979
 -0.0745223
 0.176289
 0.608256
 -0.175775
 -0.453637
 -0.252138
 -0.378975
 1.10771
 1.04931
 1.25133
 0.467308
 2.39648
 -0.290768
 -0.00916757
 0.623775
 -0.125826
 1.39585
 0.531163
 1.08366
 0.530302
 1.21912
 0.31056
 0.462484
 0.255731
 -0.540472
 -0.834999
 0.174856
 -1.7282
 1.52062
 -0.356189
 0.431185
 -0.622787
 0.150825
 1.0981
 1.07725
 0.943596
 1.644
 0.400542
 0.980177
 -1.58039
 0.0796198
 -0.560631
 0.182235
 -2.08294
 -1.25539
 -1.84057
 0.0266761
 -0.957313
 -0.104357
 0.924528
 0.572484
 -0.891951
 -1.0262
 -1.54443
 -2.60201
 -1.14951
 1.01719
 0.167165
 -0.32932
 0.679113
 0.416675
 1.58597
 0.679674
 0.790237
 0.00204385
 -0.319022
 0.515297
 1.53364
 1.2394
 2.15836
 0.685864
 1.86448
 -0.56661
 0.974594
 0.222631
 0.569246
 -0.0662679
 0.829021
 -0.150088
 0.271542
 -0.802485
 -0.646584
 -0.0941943
 -1.02905
 -0.901771
 -0.386319
 -0.454497
 2.29871
 1.02111
 0.465406
 1.76993
 2.80367
 1.44332
 1.07028
 -0.491081
 -0.501451
 -0.551479
 0.0862275
 0.816232
 0.971694
 -0.285926
 0.971723
 1.17567
 0.611999
 1.16666
 0.574756
 0.049768
 -0.210557
 1.09954
 2.14151
 2.52215
 1.94825
 0.627349
 1.47881
 0.0148186
 0.0100021
 -0.414617
 0.0488268
 -0.479545
 0.122955
 1.47678
 1.78062
 1.87091
 1.94374
 2.59433
 0.750416
 1.78091
 1.97925
 1.60981
 1.22493
 0.973352
 1.74935
 0.45031
 1.24643
 -0.537058
 -0.00796979
 0.394076
 -1.72248
 0.253746
 -1.99846
 1.64047
 1.01775
 -0.525596
 -0.0812969
 -2.17466
 -0.989167
 0.554929
 0.514043
 -0.515081
 0.885378
 -0.0619571
 -0.644209
 -1.1277
 0.27656
 -0.218805
 -0.1311
 0.24607
 -0.470189
 -1.60807
 -0.657829
 -1.75516
 -2.25524
 -3.14597
 -2.41568
 -0.613894
 -0.465045
 -1.55849
 -1.31895
 -2.04859
 -1.53808
 -0.686536
 -1.7506
 -0.54765
 -0.317978
 -1.16526
 0.136945
 -0.00137026
 1.5862
 -0.335566
 0.389422
 -1.09837
 -0.893787
 -2.32122
 0.748817
 -1.43088
 -1.42979
 -0.0487344
 -0.936982
 -0.168667
 1.23194
 -0.950066
 0.519252
 -0.089399
 0.346641
 1.69753
 0.764265
 0.823002
 -1.32847
 -1.7353
 -1.69774
 -1.6243
 -2.08629
 -1.25818
 0.507338
 -1.0283
 -1.38062
 -0.0795425
 -1.33651
 -0.163514
 -2.76336
 -1.69919
 -2.33853
 -0.802313
 -1.80807
 -1.31535
 -0.844388
 -0.896436
 0.386305
 -0.490585
 -1.1383
 -0.304509
 -1.22228
 0.784286
 -0.285716
 -0.983
 0.0133095
 -0.414971
 -0.349836
 -0.459505
 -0.422165
 -0.656087
 2.24497
 0.257268
 2.06205
 -0.117313
 0.792716
 -0.394821
 0.272973
 -0.739031
 -1.83592
 -0.104157
 -2.03722
 -0.376731
 -1.06719
 -1.70902
 0.678819
 -1.80006
 -0.969427
 0.32279
 -0.732627
 0.363368
 -1.56287
 -0.909929
 -2.48731
 -0.229801
 -1.77568
 0.564757
 0.165939
 -0.202303
 0.0663226
 -0.0460077
 -0.180847
 0.313945
 -0.602677
 -0.0262901
 -1.858
 -1.22164
 -2.15517
 -0.535119
 -1.70698
 -2.09498
 -3.63014
 -1.0503
 -0.719112
 0.170052
 0.0910841
 -1.62603
 -1.585
 -0.654582
 0.388592
 -1.29978
 0.805448
 -0.856586
 -0.878533
 -1.59731
 -0.611471
 -2.30185
 -0.516074
 -2.21294
 0.0214496
 -0.746063
 0.784247
 -0.121069
 1.36711
 0.800851
 0.325769
 0.0783239
 -2.14785
 -1.40907
 -2.21352
 -1.17054
 -0.773818
 -0.624344
 -0.815999
 -1.22359
 -0.641159
 0.10611
 -1.42592
 -0.362221
 -0.302645
 -1.20477
 1.22055
 0.391687
 1.22197
 -0.34226
 -1.74164
 -0.388548
 -2.51268
 -0.106111
 -2.30135
 -0.619287
 -2.47877
 -2.06686
 -2.00887
 -1.92605
 0.00840548
 -0.877134
 -0.651651
 -2.1062
 -1.42776
 -1.03994
 -0.890578
 0.621706
 -0.988027
 -0.622263
 1.34374
 -1.98336
 -0.683709
 -0.371102
 -0.378265
 -0.373006
 0.493027
 0.186259
 -0.374447
 0.300371
 0.345213
 -0.375138
 -0.69326
 -0.915655
 -0.46292
 -1.13369
 -0.945502
 -2.29584
 -1.61777
 -1.76729
 -0.46621
 -1.49887
 -0.692766
 -1.46756
 -1.24155
 -0.954286
 -0.831055
 0.555971
 0.49872
 1.43622
 0.915689
 1.03662
 -1.60096
 -0.229298
 -1.56865
 0.0630015
 2.17661
 -0.410355
 -0.545116
 -1.27414
 -0.76417
 -1.20492
 -0.919225
 -0.131673
 -0.687429
 1.14952
 1.55942
 -0.615462
 0.855627
 -0.00972341
 0.676427
 0.207491
 0.288997
 0.400145
 -1.43318
 -0.365098
 -1.53137
 -2.12427
 -1.78037
 -1.61373
 -0.480888
 -1.1338
 -1.05423
 0.00779407
 -0.224257
 -1.12023
 0.060695
 -0.428112
 0.559163
 0.274125
 0.527985
 -0.61296
 -1.11787
 0.0621364
 0.00989684
 -0.144465
 1.14413
 0.0721754
 -2.38318
 0.710039
 -2.93448
 -0.316436
 -0.370672
 -0.347856
 0.435016
 -0.746686
 -0.118861
 0.558516
 0.705888
 0.359067
 -0.569091
 -0.609969
 -1.20887
 -0.836514
 -0.69904
 1.1119
 -0.252307
 -1.63551
 -0.84973
 -0.791005
 -0.867018
 -0.639554
 -1.54368
 -1.28888
 -1.31987
 -1.22912
 -1.50758
 -2.53198
 -0.694143
 -2.05476
 -1.21448
 -1.97898
 -0.315331
 -1.97061
 -0.0553514
 -0.577988
 0.711143
 1.4115
 -0.317242
 -0.714093
 -1.67649
 0.268675
 0.179393
 -0.532951
 1.08029
 2.72987
 1.02892
 1.5994
 1.28173
 1.81337
 1.45948
 2.45565
 3.31165
 2.06528
 2.50601
 1.39121
 1.57355
 0.859683
 1.22883
 0.946315
 1.84564
 0.881011
 0.964299
 1.41203
 -0.374099
 -0.0635239
 0.173157
 -0.872805
 0.640095
 0.204166
 -0.479688
 0.576822
 -0.692653
 -0.00406625
 0.168256
 -0.20358
 0.209129
 0.415387
 0.41442
 1.27969
 0.746405
 0.159935
 -0.041706
 0.0338087
 -0.277599
 1.15754
 0.509799
 1.56114
 -0.869292
 0.810477
 -1.10469
 0.686453
 -0.0348701
 1.53067
 1.42931
 0.275965
 -0.415697
 1.57177
 -0.213207
 1.01672
 0.911231
 0.809078
 0.762919
 -0.0251518
 -0.564888
 -1.08586
 2.52088
 0.743321
 1.4052
 -1.05457
 0.567964
 -1.32689
 1.21481
 -1.53826
 -1.04605
 -1.07317
 -0.232327
 -0.963568
 -1.42545
 -2.57598
 -2.075
 -0.949138
 -2.58459
 -1.11388
 -1.51739
 0.238346
 -0.519037
 0.646882
 0.127854
 0.82221
 3.34091
 1.839
 2.27744
 0.722608
 1.45921
 0.628006
 -0.212274
 0.924526
 -0.195949
 1.08272
 1.43342
 2.39736
 1.43347
 2.02568
 0.633086
 -1.0888
 -0.0475495
 -0.875645
 -1.20836
 0.0559741
 -0.0398867
 -0.419385
 -0.655717
 -0.281149
 -2.25465
 -0.153643
 0.373648
 1.0454
 1.59015
 -0.933139
 -1.52408
 -2.52532
 -1.64222
 -2.1597
 -2.13722
 -1.53284
 -1.25604
 -1.44855
 -1.31239
 -1.3456
 -0.133637
 0.342302
 0.954338
 -0.880758
 0.297845
 -1.08484
 0.437083
 0.0577797
 0.0313844
 0.656893
 0.891149
 -0.00148979
 0.408384
 0.221852
 0.531804
 1.07342
 1.97453
 -0.492179
 2.52584
 -0.547903
 0.467255
 -1.68247
 -0.459836
 -0.553733
 -0.456111
 -0.0471582
 -0.0981872
 -0.0738924
 0.262602
 0.0343065
 0.0105252
 -0.308906
 -0.716588
 0.267035
 1.4504
 0.201274
 1.44069
 -0.0295832
 -0.26329
 0.356883
 -0.969566
 -1.47838
 -2.01232
 0.00649696
 -1.62272
 0.334571
 -0.134089
 0.117012
 0.823476
 -0.471071
 -0.195925
 0.447605
 -1.10629
 -0.15679
 -1.52684
 0.801371
 0.245162
 0.650951
 0.908736
 0.849589
 2.07319
 0.323175
 1.40599
 1.20303
 0.508092
 -1.34887
 -0.0324552
 0.136017
 0.568119
 -0.224466
 1.08498
 0.70376
 0.139033
 0.359928
 -1.16052
 0.468049
 -0.526144
 -1.13998
