 0.406382
 0.659767
 0.319481
 0.537052
 -0.1362
 -0.806482
 -1.08759
 -1.18651
 -0.688543
 -0.977347
 -1.47966
 -0.253356
 0.380388
 1.18262
 1.0932
 0.950839
 0.500791
 -0.701268
 -1.59844
 -2.10115
 -1.0745
 -0.462529
 -0.834359
 0.269782
 0.511866
 0.496808
 1.17162
 0.405358
 -0.0723774
 -0.782116
 0.0668693
 1.31821
 2.062
 0.94183
 0.380668
 0.277158
 0.320746
 0.347621
 0.447804
 -0.456123
 0.573526
 0.747403
 1.37822
 -0.159607
 -0.18727
 -0.0891736
 -0.0443309
 0.107413
 -0.663954
 -0.711342
 -0.483306
 0.433132
 -0.334716
 -0.617801
 0.0398106
 -1.48678
 -1.59228
 -2.12774
 -0.203992
 -0.349213
 0.420331
 0.333715
 -0.802668
 -0.706998
 -0.00968277
 0.0448949
 0.086867
 -0.356438
 -0.4059
 -0.122941
 0.288683
 -0.0081416
 -0.0509009
 -0.283983
 0.087613
 -0.873755
 -1.29436
 -1.03841
 0.0519435
 -0.242335
 -0.427345
 -0.572822
 -1.03985
 -1.28089
 -1.29273
 -1.26902
 -1.07623
 -0.444884
 0.0255317
 -0.0479801
 -0.132487
 0.224915
 0.1906
 -0.787059
 -0.423371
 -1.70911
 -1.33187
 -0.597119
 -0.579619
 -0.404585
 0.562824
 0.120395
 -0.480038
 -0.73547
 -0.00436681
 0.183012
 -1.31384
 -1.3581
 -1.87491
 -2.63881
 -0.883527
 -1.1811
 -0.930164
 -0.671544
 -0.133953
 1.08237
 1.85248
 2.9296
 2.37765
 1.38581
 1.363
 0.381894
 -0.0972941
 -0.136869
 -0.613411
 1.04254
 -0.00576775
 -0.186745
 1.141
 1.71894
 0.238028
 -0.364906
 0.665713
 1.19857
 1.52193
 -0.0618433
 0.787909
 0.897586
 1.79954
 2.02506
 2.37623
 1.5623
 1.30564
 0.501848
 0.413304
 0.741658
 -0.0175832
 0.640719
 0.437799
 0.694144
 1.89066
 1.67509
 0.62145
 0.771272
 0.967766
 0.414004
 1.01875
 0.491059
 -0.82185
 -1.03423
 -0.528078
 -0.441763
 -0.568804
 -1.30182
 -1.36308
 -1.78198
 -1.56907
 -0.752369
 -0.847993
 -0.965688
 -1.21809
 -0.957191
 -1.5368
 -0.511994
 -0.356429
 -0.259545
 0.818548
 0.959896
 0.713773
 0.0889114
 0.237154
 0.30654
 0.42953
 0.194103
 -0.877391
 0.113645
 0.411892
 1.30961
 2.29103
 1.87395
 1.76473
 1.80393
 1.04298
 1.20588
 0.154475
 1.00319
 0.529
 0.654156
 0.487802
 0.439619
 1.81637
 2.00556
 0.921775
 0.248757
 1.1376
 0.371184
 -0.902145
 -0.941904
 -0.439106
 0.0261845
 -0.609247
 -1.18066
 -0.403461
 0.335758
 0.0169503
 -0.269047
 0.242884
 0.373618
 -0.117047
 0.20837
 -0.632695
 0.0943155
 0.159765
 -0.28142
 0.033397
 0.454696
 0.807718
 0.915008
 0.717677
 0.163812
 -0.863115
 -0.827346
 -1.11778
 -1.49165
 -1.65254
 -0.746317
 -0.859269
 -0.362988
 -0.158163
 -0.193056
 0.109544
 1.22043
 1.14095
 0.636884
 -0.185522
 -0.422498
 -1.79739
 -1.62784
 -1.03977
 -1.08553
 -1.10905
 -0.662008
 -0.288045
 0.131046
 -0.418459
 -0.564438
 -1.10698
 -0.359186
 -1.00967
 -1.48485
 -1.36337
 -1.65389
 -0.762772
 -0.750343
 0.21445
 0.436625
 0.799734
 -0.435194
 -1.11036
 -0.560251
 -0.301141
 0.703845
 0.416888
 1.28393
 0.717855
 0.459508
 0.874621
 0.475425
 1.28034
 0.93158
 2.08768
 1.26561
 1.44249
 0.26589
 1.60368
 1.407
 1.5056
 1.66236
 0.876232
 0.953983
 1.42128
 1.27966
 1.31102
 1.75442
 0.897874
 -0.0470966
 0.0478393
 -0.570987
 0.875873
 0.947275
 1.14596
 2.0883
 1.37478
 1.1982
 1.24573
 0.819293
 -0.0598749
 -0.95103
 -0.550917
 -0.960779
 -0.383195
 -0.313612
 -0.0128648
 0.330316
 1.31277
 1.42304
 0.010149
 -0.368288
 0.119533
 1.56833
 0.739757
 2.12864
 1.41754
 0.481882
 0.374269
 0.990597
 0.435263
 0.179228
 -1.28639
 -0.998183
 -0.930245
 -0.257566
 0.154165
 0.351076
 0.230392
 0.0396788
 -0.187739
 -0.394266
 0.071542
 -0.0123705
 0.512049
 -0.00261694
 -0.389779
 -0.0868662
 -0.479655
 0.706167
 0.965141
 1.41292
 0.551502
 1.83725
 0.427382
 -0.0764002
 0.432857
 0.36415
 0.730945
 0.759923
 0.808248
 0.806898
 0.980534
 0.587916
 0.588663
 0.203365
 -0.36735
 -0.625787
 -0.0711958
 -1.22836
 0.323634
 0.523742
 -0.0763139
 -0.124903
 -0.151183
 0.970322
 0.986673
 0.9203
 1.40031
 0.711462
 0.855607
 -0.742514
 -0.583846
 -0.215179
 -0.0575445
 -1.38008
 -1.53579
 -1.43122
 -0.570412
 -0.684445
 -0.318144
 0.508354
 0.654013
 -0.422599
 -1.07247
 -1.41035
 -2.14781
 -1.56688
 0.45976
 0.220527
 -0.145264
 0.314609
 0.56423
 1.23103
 0.815863
 0.772063
 0.217262
 -0.153902
 0.293899
 1.28326
 1.21823
 1.7907
 1.26802
 1.42505
 0.194235
 0.440871
 0.547236
 0.395496
 0.346759
 0.492255
 0.186975
 -0.065432
 -0.48952
 -0.612371
 -0.219043
 -0.674011
 -0.904468
 -0.376628
 -0.528376
 1.45579
 1.21668
 0.581935
 1.34187
 2.53642
 1.87068
 1.06374
 0.0436026
 -0.501205
 -0.274458
 -0.27157
 0.653521
 1.03953
 -0.0892615
 0.558272
 1.05495
 0.682888
 1.27776
 0.671165
 0.0714396
 -0.0687204
 0.830089
 1.79239
 2.31534
 2.00148
 1.11016
 1.32454
 0.273211
 0.104493
 -0.214424
 -0.0312283
 -0.296691
 -0.156474
 1.14931
 1.77246
 1.74582
 1.84182
 2.23709
 1.35821
 1.54778
 1.8769
 1.70643
 1.3413
 1.06581
 1.50793
 0.861036
 0.991109
 0.0543384
 -0.284473
 0.455399
 -1.09079
 -0.377656
 -1.26166
 0.567463
 1.35058
 -0.14896
 -0.388385
 -1.53848
 -1.20822
 0.156749
 0.489028
 -0.354574
 0.450255
 0.328504
 -0.661069
 -0.839192
 -0.0924548
 0.00834732
 -0.132299
 -0.108046
 -0.20892
 -1.38811
 -0.741803
 -1.37044
 -2.15808
 -2.84883
 -2.47629
 -1.14674
 -0.369496
 -1.44323
 -1.55098
 -1.7717
 -1.66689
 -0.868951
 -1.37154
 -0.896591
 -0.459904
 -1.03187
 -0.10666
 -0.00320825
 1.15183
 0.0567731
 0.0910032
 -0.52051
 -0.999411
 -1.74453
 -0.225203
 -0.70993
 -1.55453
 -0.461551
 -0.557922
 -0.454262
 0.684227
 -0.0678966
 -0.0999886
 0.0280849
 0.172598
 1.51781
 0.938648
 0.692987
 -0.638941
 -1.6562
 -1.5126
 -1.63576
 -1.87364
 -1.62637
 0.00937988
 -0.515955
 -1.33881
 -0.354725
 -1.10374
 -0.605384
 -1.84586
 -1.9876
 -2.23298
 -1.14868
 -1.4956
 -1.40799
 -1.0081
 -0.975325
 -0.103682
 -0.189078
 -1.07781
 -0.427792
 -0.786836
 -0.0145193
 0.127274
 -0.795658
 -0.314957
 -0.252073
 -0.463636
 -0.352886
 -0.426744
 -0.500206
 1.26772
 0.79491
 1.49559
 0.509767
 0.503163
 0.0219396
 0.128203
 -0.539594
 -1.41756
 -0.684964
 -1.1989
 -1.0209
 -0.903932
 -1.55258
 0.106863
 -0.972699
 -1.37196
 -0.112096
 -0.324051
 -0.0665254
 -0.986411
 -1.18187
 -1.77773
 -0.886197
 -1.38295
 -0.18781
 0.409986
 -0.294281
 -0.120479
 0.164377
 -0.119119
 0.0917741
 -0.349645
 -0.140761
 -1.31169
 -1.43389
 -1.84821
 -0.830061
 -1.35201
 -2.07255
 -3.20009
 -1.8329
 -0.514149
 -0.306989
 -0.0485222
 -1.17175
 -1.4695
 -0.945207
 0.154556
 -0.815175
 0.0979787
 -0.483708
 -0.837217
 -1.32775
 -0.830143
 -1.72271
 -1.26408
 -1.59816
 -0.591204
 -0.431713
 0.347052
 0.0628074
 0.837525
 0.980032
 0.198037
 0.343912
 -1.43826
 -1.68916
 -1.91535
 -1.33753
 -0.909889
 -0.811253
 -0.687339
 -1.10018
 -0.889071
 -0.0362265
 -0.977663
 -0.827292
 -0.0971193
 -1.0453
 0.413143
 0.791876
 0.775041
 0.172071
 -1.39868
 -0.651323
 -1.83071
 -0.877825
 -1.58284
 -1.12585
 -1.89035
 -2.26742
 -2.06506
 -1.79772
 -0.594973
 -0.491937
 -0.87766
 -1.62697
 -1.83295
 -0.885526
 -0.959602
 0.109695
 -0.539223
 -0.734047
 0.725049
 -0.964662
 -1.17596
 -0.344984
 -0.391423
 -0.465589
 0.343567
 0.192368
 -0.362805
 0.253865
 0.21839
 -0.104315
 -0.545257
 -1.04849
 -0.411685
 -0.862675
 -1.00987
 -2.04573
 -1.68302
 -1.65075
 -0.870073
 -1.07714
 -0.962663
 -1.40303
 -1.15363
 -1.1558
 -0.819787
 0.1622
 0.366556
 1.15461
 1.15643
 0.882559
 -0.79616
 -0.842382
 -0.978859
 -0.323959
 1.69912
 0.255188
 -0.803903
 -0.985082
 -0.834009
 -0.907965
 -0.952753
 -0.401716
 -0.39464
 0.436304
 1.42748
 -0.165317
 0.429119
 0.293729
 0.544915
 0.333745
 0.198598
 0.329011
 -0.903388
 -0.584896
 -1.13729
 -2.05547
 -1.67669
 -1.52709
 -0.941947
 -0.865593
 -1.19897
 -0.248004
 -0.193845
 -1.00092
 -0.297284
 -0.24456
 0.344554
 0.333135
 0.356682
 -0.276544
 -0.894613
 -0.287194
 0.0224063
 0.00684629
 0.652739
 0.293231
 -1.59063
 -0.306199
 -1.60244
 -1.22144
 -0.228227
 -0.30517
 0.0759195
 -0.425939
 -0.344616
 0.262135
 0.781017
 0.336961
 -0.204966
 -0.564283
 -0.995594
 -0.922963
 -0.729244
 0.540069
 0.215555
 -1.40614
 -0.952821
 -0.790875
 -0.901298
 -0.685487
 -1.19233
 -1.45284
 -1.23169
 -1.25506
 -1.47025
 -2.21145
 -1.15747
 -1.84854
 -1.31591
 -1.66925
 -0.951754
 -1.35091
 -0.661654
 -0.32108
 0.266976
 1.13913
 -0.0588306
 -0.478277
 -1.41776
 -0.243343
 0.224806
 -0.191982
 0.454639
 2.26907
 1.36185
 1.40424
 1.41861
 1.64334
 1.65719
 2.07857
 3.10674
 2.31633
 2.25142
 1.85469
 1.53309
 1.08577
 1.12404
 0.969267
 1.59283
 1.15977
 1.0891
 1.22326
 0.237059
 -0.203775
 0.0587179
 -0.47687
 0.249062
 0.339402
 -0.328428
 0.217777
 -0.392639
 -0.0649615
 0.0915588
 0.0979993
 -0.0739633
 0.299631
 0.521236
 0.856994
 0.823784
 0.416462
 0.0354144
 0.191546
 -0.251914
 0.785625
 0.613345
 1.2101
 -0.165017
 0.215463
 -0.421069
 0.179612
 0.190264
 1.13213
 1.36204
 0.519717
 -0.172359
 1.05346
 0.389821
 0.54547
 0.944475
 0.839562
 0.730862
 0.254626
 -0.486524
 -0.69239
 1.33018
 1.30636
 1.15409
 -0.291743
 -0.087595
 -0.621711
 0.466831
 -0.692846
 -1.31478
 -0.938825
 -0.416888
 -0.635514
 -1.51005
 -2.17563
 -2.14239
 -1.26195
 -1.9516
 -1.71625
 -1.2755
 -0.392095
 -0.241581
 0.18988
 0.311869
 0.480626
 2.6408
 2.32182
 1.86554
 1.18667
 1.26684
 0.931103
 0.172003
 0.594147
 0.0697328
 0.642015
 1.4817
 2.07642
 1.63467
 1.88769
 0.943464
 -0.650232
 -0.255655
 -0.467871
 -1.04667
 -0.318449
 -0.00690146
 -0.330581
 -0.516007
 -0.424461
 -1.74495
 -0.715122
 0.284238
 0.738487
 1.23713
 -0.0280087
 -1.59669
 -2.01025
 -1.80883
 -1.83011
 -2.16002
 -1.79676
 -1.24467
 -1.56418
 -1.17973
 -1.42392
 -0.495662
 0.108431
 0.800436
 -0.3617
 -0.15001
 -0.680831
 0.0443014
 0.219656
 -0.176047
 0.566493
 0.825646
 0.262677
 0.291927
 0.356248
 0.300521
 1.12043
 1.61888
 0.162795
 1.50378
 0.539321
 -0.0405062
 -0.848007
 -0.926126
 -0.397339
 -0.369543
 -0.285962
 -0.00511964
 -0.0964781
 0.176058
 -0.026362
 -0.0370639
 -0.18275
 -0.525985
 0.177528
 0.991133
 0.553291
 0.84334
 0.567309
 -0.321519
 0.271278
 -0.695852
 -1.1645
 -1.78306
 -0.642629
 -0.914318
 -0.450611
 0.00748664
 0.0277646
 0.438463
 -0.0395723
 -0.146442
 0.0815285
 -0.397019
 -0.594758
 -1.06022
 0.0637889
 0.516154
 0.572716
 0.685264
 0.865796
 1.66752
 0.889125
 1.14877
 1.26842
 0.485806
 -0.754081
 -0.391545
 0.249155
 0.304245
 0.160068
 0.684003
 0.778992
 0.192042
 0.341612
 -0.676072
 -0.0622536
 -0.184978
 -0.988058
