 0.480504
 0.479007
 -0.317278
 0.753254
 -0.922166
 -0.822695
 -0.708883
 -0.600448
 0.338637
 -1.06963
 -1.04206
 0.98004
 0.555499
 1.32373
 0.121788
 0.369927
 0.00515308
 -1.37203
 -1.23091
 -1.43395
 0.578351
 -0.324588
 -0.468839
 1.04771
 0.0368627
 0.523032
 1.17205
 -0.712257
 -0.124962
 -1.1193
 0.973487
 1.46291
 1.3237
 -0.640845
 0.0364937
 0.0347422
 0.356041
 -0.195056
 0.857359
 -1.42659
 1.45783
 -0.014658
 1.54432
 -1.57985
 0.408192
 -0.261206
 0.275745
 -0.12452
 -0.931701
 -0.104038
 -0.43039
 1.33099
 -1.30992
 -0.119036
 0.498696
 -2.21231
 -0.621794
 -1.78668
 2.16443
 -1.21552
 1.46145
 -0.421281
 -1.09365
 -0.0672325
 0.179922
 0.167794
 0.0933464
 -0.395028
 -0.291536
 0.358403
 0.0243517
 0.058441
 -0.0502405
 -0.389568
 0.0894421
 -0.817504
 -1.13582
 0.0606133
 0.567355
 -0.572073
 -0.0724477
 -0.454495
 -0.708999
 -0.97163
 -0.676251
 -0.24034
 -0.573945
 0.0541685
 0.59009
 -0.379905
 0.160745
 0.542358
 -0.330841
 -1.1156
 0.379089
 -2.07588
 0.334052
 -0.390424
 -0.138942
 0.0649621
 1.1441
 -0.837477
 -0.443805
 -0.407132
 0.448296
 0.325174
 -2.37392
 0.159041
 -1.98859
 -1.4993
 1.28939
 -1.62888
 0.512719
 -0.891587
 0.834745
 1.14655
 1.55098
 2.44493
 0.172888
 0.419888
 0.494842
 -0.763217
 -0.0586152
 -0.253188
 -0.661111
 2.03656
 -1.49815
 0.433078
 1.23376
 1.37158
 -1.27466
 -0.371384
 1.26931
 0.8056
 1.03179
 -1.49987
 1.61869
 0.0538598
 1.82524
 0.717636
 1.91065
 -0.189013
 0.87076
 -0.776419
 0.173948
 0.869468
 -0.931239
 1.36268
 -0.591034
 1.20058
 1.6813
 0.576099
 -0.495501
 0.968077
 0.173923
 -0.149448
 1.25195
 -0.710286
 -1.00558
 -0.329289
 -0.202857
 -0.0751102
 -0.328108
 -1.26519
 -0.573402
 -1.60969
 -0.160933
 0.325659
 -0.864554
 -0.235873
 -1.16033
 -0.0413291
 -1.26455
 0.801046
 -0.491875
 0.142663
 1.37812
 0.240617
 0.219362
 -0.546325
 0.35424
 0.15262
 0.242095
 -0.222233
 -1.20386
 1.24731
 0.0446328
 1.46264
 1.66888
 0.38602
 0.9713
 1.1355
 -0.308288
 1.18921
 -1.35262
 1.91624
 -0.912738
 1.07062
 -0.433687
 0.275214
 2.26544
 0.488182
 -0.288937
 -0.0318403
 1.11875
 -0.509983
 -1.3157
 -0.170435
 0.0919747
 0.51855
 -0.920588
 -0.950626
 0.497281
 0.473902
 -0.47305
 -0.10218
 0.737083
 -0.00634246
 -0.401131
 0.430186
 -1.12769
 1.02128
 -0.181701
 -0.563397
 0.421073
 0.393125
 0.84766
 0.183534
 0.496131
 -0.437217
 -1.26478
 -0.348242
 -0.82946
 -0.999692
 -0.81548
 0.408622
 -0.862618
 0.568541
 -0.19245
 -0.157162
 0.380419
 1.38778
 0.430027
 0.0435217
 -0.731231
 -0.323533
 -2.26315
 -0.14485
 -0.350051
 -0.581896
 -0.612715
 0.0451622
 0.237268
 0.236906
 -0.783363
 -0.207824
 -1.08008
 0.556949
 -1.30718
 -0.813399
 -0.360003
 -1.12164
 0.486401
 -0.660324
 1.12235
 0.078532
 0.540342
 -1.14137
 -1.13121
 0.4276
 -0.160254
 1.40535
 -0.719202
 2.10267
 -1.03726
 0.708311
 0.577476
 -0.375731
 1.81208
 -0.376558
 2.55336
 -0.704694
 1.32814
 -1.08573
 2.63472
 -0.449718
 1.32661
 0.636958
 -0.014729
 0.846812
 0.63032
 0.692996
 0.775386
 1.21449
 -0.37549
 -0.520764
 0.0406358
 -0.940892
 2.27997
 -0.339746
 1.01788
 2.00539
 -0.500022
 1.11794
 0.168909
 0.170638
 -0.774343
 -0.928773
 0.125311
 -0.926646
 0.726262
 -0.573036
 0.657468
 0.140567
 1.42864
 0.641159
 -1.16605
 -0.18505
 0.597093
 1.79546
 -0.616723
 2.85975
 -0.794316
 -0.00858722
 -0.0460838
 1.52977
 -0.965554
 0.342373
 -1.95877
 0.122647
 -0.581259
 0.513988
 0.0914856
 0.387357
 0.0423502
 -0.119286
 -0.283719
 -0.164645
 0.136448
 0.0636893
 0.513
 -0.57104
 -0.409458
 0.192736
 -0.403928
 1.31121
 0.329264
 1.04664
 -0.201908
 2.24225
 -1.54343
 0.272049
 0.543915
 -0.107541
 1.31788
 -0.198117
 0.720625
 0.075609
 0.927374
 -0.299156
 0.577058
 -0.0435027
 -0.706622
 -0.415818
 0.650918
 -1.85678
 2.07442
 -0.897814
 0.39701
 -0.677114
 0.400381
 1.16194
 0.479457
 0.419671
 1.15779
 -0.483153
 0.852384
 -1.97118
 0.675365
 -0.607201
 0.403134
 -2.16574
 -0.255801
 -1.04121
 0.914805
 -0.987457
 0.532181
 0.871445
 0.127743
 -1.01474
 -0.597966
 -1.10893
 -1.7028
 0.130327
 1.59838
 -0.539922
 -0.258732
 0.781803
 0.138974
 1.42388
 -0.235805
 0.514049
 -0.4298
 -0.237802
 0.672152
 1.30266
 0.384802
 1.45421
 -0.209721
 1.50351
 -1.4413
 1.21227
 -0.258296
 0.383614
 -0.0916086
 0.863351
 -0.448728
 0.175075
 -1.01388
 -0.206507
 0.182865
 -0.909146
 -0.2861
 0.303909
 -0.250113
 2.57625
 -0.29001
 0.0436005
 1.46987
 1.88552
 0.13044
 0.328773
 -0.936169
 -0.269627
 -0.047417
 0.184549
 0.805522
 0.74902
 -0.835895
 1.11098
 0.530466
 -0.13327
 1.15207
 -0.0569443
 -0.348162
 -0.211274
 1.27824
 1.50793
 1.37036
 0.589031
 -0.202455
 1.30821
 -0.951462
 0.0877162
 -0.409812
 0.292999
 -0.481541
 0.25096
 1.42716
 1.15497
 1.00192
 1.01511
 1.44269
 -0.496136
 1.51479
 0.967426
 0.598021
 0.42268
 0.360583
 1.19353
 -0.440226
 0.992168
 -1.14415
 0.0980148
 0.450712
 -1.9272
 1.04129
 -2.17013
 2.61743
 0.263893
 -0.909983
 0.0698188
 -2.18295
 0.203799
 0.985861
 0.188102
 -0.867239
 1.08567
 -0.456549
 -0.808959
 -0.718245
 0.807673
 -0.311994
 0.100388
 0.0452877
 -0.599186
 -1.56348
 0.246339
 -1.4495
 -1.42814
 -2.04837
 -0.735593
 0.512779
 0.0336491
 -1.37999
 -0.660312
 -1.39722
 -0.545177
 0.0791383
 -1.31009
 0.431939
 -0.111522
 -1.08699
 0.903548
 -0.105074
 1.71338
 -1.24907
 0.534042
 -1.1914
 -0.373258
 -1.72456
 1.81527
 -1.77926
 -0.72165
 0.574574
 -0.828424
 0.30064
 1.10587
 -1.26266
 0.922626
 -0.490045
 0.305575
 1.71269
 -0.143365
 0.405184
 -1.66753
 -1.11013
 -0.715133
 -0.817027
 -1.18721
 -0.362586
 1.06512
 -1.20879
 -0.800445
 0.750841
 -1.43221
 0.410893
 -2.5586
 -0.221785
 -1.68036
 0.436659
 -1.42022
 -0.255809
 -0.175046
 -0.533425
 0.698811
 -0.674746
 -1.01481
 0.333419
 -0.897918
 1.20163
 -0.611856
 -0.74509
 0.481429
 -0.408731
 -0.224291
 -0.221033
 -0.177899
 -0.310395
 2.44084
 -0.943719
 1.99736
 -1.18767
 0.891427
 -0.777222
 0.556602
 -1.02418
 -1.35302
 0.652028
 -1.75413
 0.550133
 -1.00885
 -1.21772
 1.61157
 -2.02021
 -0.0832261
 0.652218
 -0.810681
 0.660382
 -1.76026
 -0.215404
 -1.83201
 1.05511
 -1.76686
 1.42348
 -0.0200255
 -0.397207
 0.0240241
 0.0580008
 -0.10481
 0.337843
 -0.78933
 0.349128
 -1.84013
 -0.300411
 -1.60303
 0.733143
 -1.40074
 -1.2082
 -2.58114
 0.672017
 0.054049
 0.43544
 -0.105436
 -1.67919
 -0.597921
 0.0619379
 0.762528
 -1.42516
 1.45524
 -1.44838
 -0.379078
 -1.15046
 0.239968
 -1.8977
 0.409754
 -1.94272
 1.18894
 -0.688908
 1.32084
 -0.499673
 1.45668
 0.17161
 -0.305514
 0.103147
 -2.09305
 -0.387463
 -1.56899
 0.0576497
 -0.24125
 -0.388518
 -0.424442
 -0.781948
 -0.120984
 0.463336
 -1.44395
 0.213273
 0.0569949
 -1.10843
 1.70302
 -0.103934
 0.894627
 -0.886447
 -1.59217
 0.568772
 -2.31912
 1.08822
 -2.2678
 0.575075
 -2.17493
 -0.871741
 -1.14427
 -0.828798
 0.887096
 -0.724026
 -0.241414
 -1.65652
 -0.591306
 -0.120984
 -0.360747
 1.03762
 -1.27984
 -0.0115875
 1.58077
 -2.56871
 0.312258
 -0.00954476
 -0.194361
 -0.268518
 0.793779
 -0.137476
 -0.624048
 0.609868
 0.000370638
 -0.508751
 -0.440445
 -0.863632
 0.0735733
 -0.874386
 -0.370811
 -2.03778
 -0.397288
 -0.982456
 0.358022
 -1.12863
 0.139429
 -1.29138
 -0.301077
 -0.471799
 -0.312135
 0.992848
 0.0458388
 1.196
 0.326231
 0.541289
 -2.02939
 0.312258
 -1.45141
 0.891703
 2.23603
 -1.47478
 -0.517135
 -1.04975
 -0.164943
 -0.718343
 -0.220636
 0.312977
 -0.392216
 1.41684
 0.993069
 -1.50375
 1.19377
 -0.496569
 0.777712
 -0.146479
 0.136412
 0.164389
 -1.68946
 0.414613
 -1.3906
 -1.49897
 -0.582711
 -0.593838
 0.214125
 -0.769384
 -0.524147
 0.611721
 -0.241451
 -1.10702
 0.568612
 -0.512474
 0.865232
 -0.0225999
 0.328466
 -0.878267
 -0.701155
 0.578502
 -0.0867618
 0.0198466
 1.13409
 -0.615508
 -2.26809
 1.71855
 -3.13908
 1.08561
 -0.221275
 -0.0200129
 0.536242
 -0.959187
 0.248757
 0.414606
 0.499618
 -0.134531
 -0.643679
 -0.279017
 -0.87866
 -0.207975
 -0.296494
 1.39176
 -0.719776
 -1.58378
 0.090029
 -0.420838
 -0.548179
 -0.210945
 -1.12293
 -0.590658
 -0.629453
 -0.569664
 -0.946888
 -1.75704
 0.635871
 -2.01282
 -0.0329179
 -1.30223
 0.52811
 -1.68624
 0.973932
 -0.417917
 1.08194
 1.06308
 -1.21048
 -0.363897
 -1.38335
 1.09952
 -0.0354613
 -0.381364
 1.25684
 2.19268
 -0.45593
 1.14601
 0.493375
 1.16372
 0.673856
 1.68607
 2.14861
 0.361311
 1.38374
 0.242064
 0.915232
 0.0678921
 0.793622
 0.196403
 1.30966
 -0.129067
 0.707011
 0.855315
 -0.950107
 0.136721
 0.0711355
 -0.90744
 1.13042
 -0.140861
 -0.563822
 0.755376
 -1.14335
 0.483782
 0.0813276
 -0.0212006
 0.219006
 0.247951
 0.345751
 0.90031
 -0.0371786
 -0.135704
 -0.124664
 0.256058
 -0.319681
 1.39216
 -0.142542
 1.32514
 -1.63611
 1.16089
 -1.49522
 1.27336
 -0.443472
 1.6661
 0.563479
 -0.475204
 -0.483005
 1.79668
 -0.931293
 1.10514
 0.354722
 0.380825
 0.314266
 -0.34976
 -0.647697
 -0.554068
 2.87149
 -0.532812
 1.13403
 -1.65068
 0.932025
 -1.5801
 1.86058
 -2.18471
 -0.357106
 -0.554191
 0.311887
 -0.701246
 -1.11846
 -1.82649
 -0.748989
 0.0107398
 -1.91848
 0.0802239
 -0.854128
 0.921252
 -0.554514
 0.886448
 -0.126806
 0.672477
 2.93806
 0.273594
 1.20597
 -0.441591
 1.08653
 -0.142866
 -0.35717
 1.03821
 -0.768596
 1.08355
 0.970066
 1.67479
 0.196821
 1.43091
 -0.478415
 -1.47209
 0.484424
 -0.815563
 -0.677451
 0.646111
 -0.0819567
 -0.355924
 -0.293996
 0.0683278
 -2.15253
 1.0506
 0.439577
 0.797787
 0.85462
 -1.50853
 -1.28563
 -1.6636
 -0.386533
 -1.19974
 -0.99701
 -0.538938
 -0.373848
 -0.972919
 -0.352049
 -0.727174
 0.567691
 0.300476
 0.857409
 -1.28153
 0.708556
 -1.30472
 1.03422
 -0.158439
 -0.220683
 0.670405
 0.5087
 -0.435776
 0.431812
 0.0905845
 0.266557
 1.03035
 1.38983
 -1.46955
 2.64755
 -1.71192
 0.588591
 -1.80661
 0.223702
 -0.349771
 -0.0600188
 0.0555064
 0.0136753
 0.00365593
 0.356594
 -0.22275
 -0.0953987
 -0.34492
 -0.520675
 0.863715
 1.22986
 -0.443551
 1.15573
 -0.606168
 -0.339302
 0.526109
 -1.35111
 -0.833644
 -1.22901
 0.882335
 -1.39606
 1.02643
 -0.344045
 0.228719
 0.532744
 -0.884354
 0.206405
 0.281296
 -1.06293
 0.272189
 -1.43514
 1.47529
 -0.1278
 0.689489
 0.479718
 0.428339
 1.60693
 -0.627605
 1.43886
 0.549952
 -0.275307
 -1.55405
 0.598011
 0.195916
 0.330042
 -0.330827
 1.24349
 0.13837
 -0.272996
 0.338218
 -1.30516
 0.977868
 -0.808754
 -0.888488
