 0.480504
 0.719259
 0.0423514
 0.774429
 -0.534951
 -1.09017
 -1.25397
 -1.22743
 -0.275079
 -1.20717
 -1.64564
 0.157218
 0.634108
 1.64078
 0.94218
 0.841017
 0.425662
 -1.1592
 -1.81051
 -2.33921
 -0.591252
 -0.620213
 -0.778946
 0.658237
 0.365981
 0.706023
 1.52506
 0.0502728
 -0.0998254
 -1.16921
 0.38888
 1.65735
 2.15238
 0.435344
 0.254166
 0.161825
 0.436954
 0.0234203
 0.869069
 -0.992054
 0.961805
 0.466244
 1.77745
 -0.691123
 0.0626311
 -0.22989
 0.1608
 -0.0441197
 -0.95376
 -0.580919
 -0.72085
 0.970561
 -0.824637
 -0.531354
 0.233019
 -2.0958
 -1.66969
 -2.62153
 0.853669
 -0.788687
 1.06711
 0.112274
 -1.03751
 -0.585987
 -0.113071
 0.111258
 0.148975
 -0.320541
 -0.451806
 0.1325
 0.0906018
 0.103742
 0.00163047
 -0.388753
 -0.104934
 -0.869972
 -1.5708
 -0.724788
 0.204961
 -0.469593
 -0.307244
 -0.608117
 -1.01306
 -1.47816
 -1.41533
 -0.948005
 -1.04795
 -0.469805
 0.355188
 -0.202311
 0.0595897
 0.572153
 -0.0447644
 -1.13798
 -0.189901
 -2.17083
 -0.751363
 -0.766105
 -0.521994
 -0.196035
 1.04609
 -0.314434
 -0.601022
 -0.707643
 0.0944741
 0.372411
 -2.18771
 -0.934814
 -2.456
 -2.7273
 -0.0742629
 -1.66601
 -0.320286
 -1.05173
 0.30888
 1.30099
 2.20147
 3.54566
 1.94572
 1.39275
 1.19122
 -0.16761
 -0.14242
 -0.324398
 -0.82331
 1.6249
 -0.685696
 0.0902297
 1.27887
 2.01102
 -0.269151
 -0.50596
 1.01633
 1.31376
 1.68867
 -0.655539
 1.29092
 0.699318
 2.1749
 1.80508
 2.81319
 1.21758
 1.47955
 -0.0366431
 0.155627
 0.947281
 -0.457598
 1.13388
 -0.0240937
 1.18854
 2.27557
 1.71388
 0.361441
 1.1488
 0.748322
 0.224713
 1.36431
 -0.0281327
 -1.01964
 -0.839111
 -0.622412
 -0.386316
 -0.521266
 -1.52582
 -1.33631
 -2.27784
 -1.29985
 -0.324269
 -1.02669
 -0.749217
 -1.53494
 -0.808797
 -1.66894
 -0.0334264
 -0.508589
 -0.111632
 1.32231
 0.90177
 0.670247
 -0.211201
 0.248639
 0.27694
 0.380565
 -0.0319504
 -1.21984
 0.637395
 0.36333
 1.6443
 2.49103
 1.63154
 1.78707
 2.02903
 0.706229
 1.54233
 -0.581453
 1.62552
 -0.0999789
 1.02063
 0.0766284
 0.313528
 2.42221
 1.69929
 0.560707
 0.248513
 1.24301
 0.111519
 -1.25994
 -0.800403
 -0.308227
 0.364437
 -0.73837
 -1.31981
 -0.162625
 0.39259
 -0.276755
 -0.240557
 0.616804
 0.30206
 -0.250101
 0.305135
 -0.975122
 0.533714
 0.0851561
 -0.520819
 0.160664
 0.473457
 1.08439
 0.725728
 0.858995
 -0.00771968
 -1.26864
 -0.982561
 -1.32074
 -1.66006
 -1.64551
 -0.414133
 -1.06969
 0.0336982
 -0.175601
 -0.244963
 0.257938
 1.51675
 1.1884
 0.637723
 -0.41237
 -0.529717
 -2.52801
 -1.40886
 -1.05448
 -1.10914
 -1.16728
 -0.538479
 -0.0319714
 0.22092
 -0.672903
 -0.544275
 -1.35222
 -0.119162
 -1.36676
 -1.49678
 -1.10839
 -1.67583
 -0.351516
 -0.836082
 0.704309
 0.430686
 0.755685
 -0.763524
 -1.51297
 -0.328886
 -0.324697
 1.243
 -0.0977019
 2.05382
 -0.0103497
 0.703136
 0.929044
 0.0887908
 1.85647
 0.551677
 2.82919
 0.709903
 1.68309
 -0.244185
 2.51263
 0.806597
 1.72991
 1.50191
 0.736226
 1.21493
 1.23778
 1.31189
 1.43133
 1.93016
 0.589588
 -0.225969
 -0.0723489
 -0.977066
 1.79143
 0.555971
 1.29587
 2.65333
 0.826642
 1.53126
 0.93454
 0.637908
 -0.455389
 -1.15647
 -0.452922
 -1.15311
 0.149708
 -0.498182
 0.408377
 0.344755
 1.60102
 1.44167
 -0.445218
 -0.407659
 0.393263
 1.99209
 0.379324
 3.04941
 0.73039
 0.356608
 0.13222
 1.59588
 -0.167613
 0.258567
 -1.82948
 -0.792096
 -0.977306
 0.0253348
 0.104153
 0.439433
 0.262067
 0.0117476
 -0.277845
 -0.303567
 -0.015336
 0.0560213
 0.541011
 -0.300534
 -0.559725
 -0.0871264
 -0.447491
 1.08746
 0.872996
 1.48314
 0.53966
 2.51208
 -0.28739
 0.128354
 0.608092
 0.196505
 1.41613
 0.509948
 0.975599
 0.563409
 1.20908
 0.305383
 0.72975
 0.321372
 -0.545936
 -0.688786
 0.306525
 -1.70352
 1.22266
 -0.286482
 0.253768
 -0.55023
 0.125266
 1.22458
 1.09175
 0.965543
 1.64056
 0.337128
 1.02095
 -1.46071
 -0.054989
 -0.634696
 0.0857858
 -2.12285
 -1.31723
 -1.69983
 0.064892
 -0.955011
 0.0546751
 0.898783
 0.577135
 -0.726174
 -0.961053
 -1.58945
 -2.49752
 -1.11843
 1.03917
 -0.0203391
 -0.268901
 0.647353
 0.462651
 1.6552
 0.591797
 0.809947
 -0.0248268
 -0.250216
 0.547044
 1.57618
 1.17289
 2.04066
 0.810609
 1.90882
 -0.486888
 0.968823
 0.226115
 0.496672
 0.156727
 0.941714
 0.0221294
 0.18614
 -0.920805
 -0.666909
 -0.15059
 -0.984441
 -0.77832
 -0.0852508
 -0.292738
 2.42988
 0.924929
 0.506065
 1.7229
 2.74697
 1.50392
 1.08073
 -0.395802
 -0.467528
 -0.281181
 0.0439581
 0.827501
 1.16277
 -0.25451
 0.983725
 1.02233
 0.377894
 1.34101
 0.613562
 -0.0413808
 -0.231964
 1.16226
 2.08906
 2.41489
 1.79648
 0.695784
 1.6561
 -0.12341
 0.0260111
 -0.396806
 0.094596
 -0.434243
 0.0338388
 1.44407
 1.87701
 1.94042
 1.98532
 2.43535
 0.721541
 1.87556
 1.90521
 1.55062
 1.19799
 0.95958
 1.67332
 0.396433
 1.19038
 -0.548955
 -0.176463
 0.362481
 -1.74596
 0.168311
 -2.08598
 1.57444
 1.05111
 -0.384426
 -0.122394
 -2.24415
 -0.918276
 0.526723
 0.451464
 -0.641508
 0.764919
 -0.0740891
 -0.846003
 -1.14125
 0.23705
 -0.193469
 0.0036536
 0.0471145
 -0.575629
 -1.85129
 -0.679308
 -1.78915
 -2.32271
 -3.20973
 -2.34046
 -0.657449
 -0.295076
 -1.52753
 -1.42408
 -2.10926
 -1.59981
 -0.720765
 -1.67047
 -0.403295
 -0.313169
 -1.24357
 0.281764
 0.0358082
 1.73128
 -0.383429
 0.342328
 -1.02024
 -0.883378
 -2.16625
 0.732148
 -1.41318
 -1.42824
 -0.139547
 -0.898198
 -0.148459
 1.03164
 -0.746838
 0.549207
 -0.215442
 0.197854
 1.81162
 0.762445
 0.786406
 -1.27433
 -1.74729
 -1.58878
 -1.61142
 -1.99292
 -1.35905
 0.385594
 -1.016
 -1.30844
 0.0966189
 -1.3839
 -0.281058
 -2.69913
 -1.57135
 -2.46603
 -0.796356
 -1.81839
 -1.16501
 -0.757549
 -0.912199
 0.242711
 -0.55339
 -1.29151
 -0.312335
 -1.05409
 0.674582
 -0.274565
 -0.882373
 0.0402426
 -0.388609
 -0.418595
 -0.430331
 -0.393064
 -0.506927
 2.18737
 0.149967
 2.07234
 -0.1515
 0.815677
 -0.369384
 0.37191
 -0.83823
 -1.77214
 -0.234042
 -1.87115
 -0.385442
 -1.20157
 -1.8185
 0.702322
 -1.66905
 -0.917751
 0.193343
 -0.71401
 0.303377
 -1.60857
 -1.01969
 -2.34185
 -0.115815
 -1.82477
 0.511095
 0.235522
 -0.279446
 -0.115699
 0.00015141
 -0.104734
 0.285475
 -0.646593
 0.0258316
 -1.82722
 -1.21402
 -2.21003
 -0.371874
 -1.58667
 -2.00154
 -3.58191
 -1.11894
 -0.505419
 0.18273
 -0.0140706
 -1.68623
 -1.44103
 -0.658579
 0.433238
 -1.20854
 0.850973
 -1.02289
 -0.890524
 -1.59572
 -0.557892
 -2.17665
 -0.678571
 -2.28201
 0.0479398
 -0.664938
 0.988371
 -0.00548715
 1.45394
 0.898578
 0.143774
 0.175035
 -2.00554
 -1.39023
 -2.2641
 -1.0744
 -0.778451
 -0.777744
 -0.813314
 -1.1886
 -0.715287
 0.105693
 -1.3911
 -0.482278
 -0.184144
 -1.2005
 1.10277
 0.447451
 1.11835
 -0.32727
 -1.75581
 -0.309131
 -2.47368
 -0.148617
 -2.34211
 -0.595981
 -2.47292
 -2.1082
 -2.19837
 -1.92798
 -0.0768966
 -0.762475
 -0.622652
 -1.96785
 -1.57523
 -0.908599
 -0.815047
 0.630098
 -0.964788
 -0.493982
 1.33378
 -1.90182
 -0.63865
 -0.32887
 -0.358795
 -0.447915
 0.569822
 0.147435
 -0.550331
 0.334703
 0.167722
 -0.424889
 -0.65289
 -1.19008
 -0.521465
 -1.13512
 -0.93837
 -2.50696
 -1.65077
 -1.80784
 -0.545899
 -1.40158
 -0.561362
 -1.57207
 -1.08711
 -1.01535
 -0.819812
 0.582942
 0.33731
 1.36465
 1.00856
 1.04557
 -1.5066
 -0.441043
 -1.67193
 0.0557364
 2.2639
 -0.342829
 -0.688549
 -1.39402
 -0.861954
 -1.14932
 -0.795296
 -0.0846709
 -0.434551
 1.19956
 1.59285
 -0.707328
 0.840105
 -0.0765166
 0.739453
 0.223248
 0.248036
 0.288407
 -1.54525
 -0.358014
 -1.56961
 -2.28378
 -1.7246
 -1.45614
 -0.513944
 -1.02636
 -1.03733
 0.0930583
 -0.194922
 -1.20448
 -0.0336271
 -0.529288
 0.600588
 0.277694
 0.467313
 -0.644611
 -1.02346
 0.066772
 -0.0533757
 -0.00684127
 1.13067
 -0.0501718
 -2.29317
 0.571967
 -2.8531
 -0.340938
 -0.391744
 -0.215885
 0.4283
 -0.745037
 -0.123762
 0.352725
 0.675981
 0.20346
 -0.541949
 -0.549991
 -1.15366
 -0.784803
 -0.688896
 1.04731
 -0.196119
 -1.68184
 -0.750891
 -0.796284
 -0.946321
 -0.684105
 -1.46498
 -1.32315
 -1.29103
 -1.21518
 -1.55448
 -2.53427
 -0.631266
 -2.32845
 -1.19714
 -1.90081
 -0.422293
 -1.89738
 0.0252399
 -0.405297
 0.87929
 1.50272
 -0.459114
 -0.593454
 -1.68007
 0.259487
 0.0942822
 -0.334223
 1.08973
 2.73754
 0.912841
 1.60243
 1.29459
 1.81101
 1.57936
 2.47575
 3.38649
 2.05455
 2.41102
 1.44758
 1.63902
 0.887402
 1.23732
 0.815065
 1.71719
 0.729531
 1.07178
 1.3912
 -0.254505
 0.00946783
 0.0758694
 -0.869505
 0.695666
 0.206971
 -0.460336
 0.525208
 -0.88075
 0.0434072
 0.103031
 0.0303151
 0.234163
 0.365032
 0.528267
 1.16444
 0.545043
 0.136817
 -0.0562554
 0.227931
 -0.205716
 1.28931
 0.502111
 1.5762
 -0.848015
 0.736878
 -1.12678
 0.709968
 -0.0884878
 1.62185
 1.37441
 0.211999
 -0.377006
 1.60818
 -0.127203
 1.04153
 0.875489
 0.818569
 0.723551
 0.0120158
 -0.641689
 -0.874913
 2.43404
 0.684208
 1.47613
 -0.912618
 0.475716
 -1.34224
 1.18946
 -1.58998
 -1.1521
 -1.13024
 -0.253232
 -0.827863
 -1.53239
 -2.59269
 -2.04533
 -1.01193
 -2.42445
 -1.132
 -1.42013
 0.211188
 -0.44892
 0.661988
 0.204188
 0.774571
 3.32534
 1.93627
 2.17411
 0.645462
 1.40926
 0.561764
 -0.0762884
 1.00007
 -0.268563
 0.94927
 1.4447
 2.39714
 1.39539
 2.12861
 0.585889
 -1.17914
 -0.105148
 -0.868137
 -1.11152
 0.0903517
 -0.0367808
 -0.374315
 -0.481154
 -0.172249
 -2.23866
 -0.0687339
 0.40521
 1.00039
 1.35482
 -0.831127
 -1.70119
 -2.51419
 -1.64363
 -2.02156
 -2.00779
 -1.54283
 -1.14526
 -1.54555
 -1.12482
 -1.28959
 -0.0771026
 0.261925
 0.988371
 -0.787344
 0.314884
 -1.14727
 0.460586
 0.0718545
 -0.184756
 0.578027
 0.797714
 -0.0369186
 0.413353
 0.297261
 0.415188
 1.23795
 2.0088
 -0.465154
 2.41497
 -0.504438
 0.336372
 -1.63842
 -0.595508
 -0.647525
 -0.383781
 -0.136384
 -0.0545168
 -0.0236025
 0.344792
 -0.0503536
 -0.120576
 -0.405208
 -0.723279
 0.502075
 1.4809
 0.296899
 1.30418
 0.0459215
 -0.316341
 0.367939
 -1.16714
 -1.41722
 -1.93762
 -0.0864767
 -1.4393
 0.306779
 -0.190656
 0.133391
 0.59944
 -0.584634
 -0.0859114
 0.23834
 -0.943763
 -0.199693
 -1.53499
 0.70779
 0.226095
 0.802537
 0.880987
 0.868832
 2.04135
 0.393069
 1.6354
 1.36765
 0.408518
 -1.34979
 -0.0768846
 0.157474
 0.408779
 -0.126438
 1.18027
 0.728504
 0.0912561
 0.383846
 -1.11324
 0.42125
 -0.598129
 -1.18755
